,train_acc,test_acc,train_acc_outDP,test_acc_out_DP,it,client,attack_acc_mean,attack_acc_std,attack_pre_mean,attack_pre_std,attack_rec_mean,attack_rec_std
i0_c0.npy,1.0,0.3795,0.1217948717948717,0.1288,0,c0,0.5058760683760684,0.0038889475904276137,0.5199306563457506,0.010607172241004997,0.14423076923076925,0.022739098989094837
i0_c1.npy,1.0,0.3752,0.1089743589743589,0.1241,0,c1,0.4882478632478633,0.007086805107597002,0.453151684048694,0.027655511569899916,0.12072649572649574,0.019021895101244506
i0_c2.npy,1.0,0.371,0.1923076923076923,0.1287,0,c2,0.515491452991453,0.002876690602101793,0.5423528184386235,0.007588665270571929,0.1987179487179487,0.011703473450965087
i0_c3.npy,1.0,0.416,0.1089743589743589,0.1538,0,c3,0.5042735042735043,0.0015109119256122756,0.5159534534534534,0.0034505961544388885,0.1346153846153846,0.018130943107347378
i0_c4.npy,1.0,0.3732,0.1987179487179487,0.1716,0,c4,0.5272435897435898,0.0024479571020063163,0.5736086353733412,0.01164831647723082,0.21474358974358973,0.01468774261203795
i0_c5.npy,1.0,0.3802,0.1282051282051282,0.1488,0,c5,0.5016025641025641,0.0035834422716342655,0.5049019607843137,0.010961117536763678,0.13888888888888887,0.01682480314959789
i0_c6.npy,1.0,0.3799,0.1217948717948717,0.1501,0,c6,0.47542735042735046,0.0030218238512245777,0.41869108230294216,0.005379703912932922,0.12606837606837606,0.007086805107597008
i0_c7.npy,1.0,0.3778,0.2307692307692307,0.1712,0,c7,0.5267094017094016,0.00841240157479895,0.5637239533088945,0.021992046283515428,0.2403846153846154,0.0048959142040126535
i0_c8.npy,1.0,0.3722,0.1538461538461538,0.1274,0,c8,0.5154914529914529,0.004687480976171024,0.5494003868471954,0.013690237488860888,0.17200854700854698,0.01194480757211426
i0_c9.npy,1.0,0.3848,0.1282051282051282,0.1609,0,c9,0.47222222222222227,0.0023889615144228643,0.42121413879816366,0.009607308600752538,0.14957264957264957,0.012087295404898245
i0_c10.npy,1.0,0.3991,0.1538461538461538,0.1717,0,c10,0.5064102564102564,0.0,0.5206740723045071,0.0015575413615456215,0.1623931623931624,0.01264119611773422
i0_c11.npy,1.0,0.3893,0.1282051282051282,0.1432,0,c11,0.5064102564102564,0.0,0.5246650717703348,0.0024636502558287735,0.1378205128205128,0.01468774261203795
i0_c12.npy,1.0,0.3862,0.1474358974358974,0.1489,0,c12,0.4813034188034188,0.0028766906021017546,0.44735576923076925,0.009670315849505196,0.16132478632478633,0.019728830462200204
i0_c13.npy,1.0,0.3783,0.0961538461538461,0.1115,0,c13,0.4962606837606838,0.005368523301880824,0.4852564102564103,0.02111496037435974,0.10683760683760683,0.006043647702449129
i0_c14.npy,1.0,0.3814,0.1602564102564102,0.1473,0,c14,0.5058760683760684,0.009864415231100085,0.5202046630618059,0.026935297754089114,0.17200854700854698,0.007777895180855261
i0_c15.npy,1.0,0.372,0.1089743589743589,0.1252,0,c15,0.45726495726495725,0.0057533812042035205,0.3668657459250964,0.016857228886301368,0.1185897435897436,0.014687742612037948
i0_c16.npy,1.0,0.3751,0.1153846153846153,0.1278,0,c16,0.48450854700854706,0.004687480976171007,0.44659727337565913,0.015754704661202747,0.13141025641025642,0.014687742612037953
i0_c17.npy,1.0,0.3775,0.141025641025641,0.1114,0,c17,0.5176282051282052,0.0024479571020063163,0.5676463902527732,0.005014078714345217,0.14743589743589744,0.011703473450965085
i0_c18.npy,1.0,0.3846,0.1346153846153846,0.1366,0,c18,0.48717948717948717,0.001850481632018025,0.4584585932008196,0.007103385678160234,0.14316239316239315,0.014173610215194019
i0_c19.npy,1.0,0.3879,0.1153846153846153,0.1466,0,c19,0.4647435897435898,0.00716688454326855,0.3877010670488931,0.014412971875996617,0.12072649572649573,0.007777895180855248
i0_c20.npy,1.0,0.3839,0.1666666666666666,0.1492,0,c20,0.5032051282051282,0.00370096326403605,0.5090917723021412,0.009373877158925405,0.1773504273504273,0.01682480314959789
i0_c21.npy,1.0,0.3949,0.1602564102564102,0.1596,0,c21,0.5176282051282052,0.005151522842410789,0.5600975821564057,0.01827691872878509,0.16666666666666666,0.009791828408025295
i0_c22.npy,1.0,0.3655,0.1474358974358974,0.1516,0,c22,0.5026709401709402,0.00836136530048,0.5097488490345633,0.021150151392768227,0.17521367521367523,0.02241044547372118
i0_c23.npy,1.0,0.386,0.2371794871794871,0.1897,0,c23,0.5416666666666666,0.005851736725482524,0.6015326805777786,0.018377923534478077,0.24893162393162394,0.007777895180855256
i0_c24.npy,1.0,0.3761,0.141025641025641,0.1163,0,c24,0.5074786324786325,0.003997497208091842,0.5251494537208823,0.010350865872295481,0.1527777777777778,0.01902189510124451
i0_c25.npy,1.0,0.3945,0.0961538461538461,0.1214,0,c25,0.5085470085470085,0.005753381204203533,0.547138047138047,0.028816907017885012,0.10149572649572648,0.009374961952342008
i0_c26.npy,1.0,0.388,0.141025641025641,0.1507,0,c26,0.46047008547008556,0.0015109119256123018,0.3976695613339978,0.0023792693301333107,0.15384615384615385,0.009791828408025297
i0_c27.npy,1.0,0.3813,0.0897435897435897,0.1127,0,c27,0.47382478632478636,0.002876690602101767,0.39417989417989413,0.015651004717194744,0.09935897435897435,0.0164474405110477
i0_c28.npy,1.0,0.3717,0.1217948717948717,0.1177,0,c28,0.4866452991452992,0.005972403786057129,0.4527369087169752,0.021295951608081797,0.1378205128205128,0.028124885857026025
i0_c29.npy,1.0,0.4108,0.0961538461538461,0.1022,0,c29,0.4951923076923077,0.0035834422716342863,0.4797486827641105,0.010431217916402195,0.10576923076923078,0.014687742612037943
i0_c30.npy,1.0,0.3907,0.1346153846153846,0.1464,0,c30,0.49893162393162394,0.006320598058867106,0.4994963047288629,0.017451870768085496,0.15384615384615383,0.021260415322791024
i0_c31.npy,1.0,0.3492,0.2051282051282051,0.1828,0,c31,0.5165598290598291,0.0046874809761710155,0.5417406510626849,0.00966395482605292,0.21367521367521367,0.01641270458946284
i0_c32.npy,1.0,0.399,0.1538461538461538,0.1336,0,c32,0.5133547008547008,0.002876690602101793,0.5454366781017724,0.00987217727070754,0.16132478632478633,0.010737046603761631
i0_c33.npy,1.0,0.3588,0.1538461538461538,0.1391,0,c33,0.513888888888889,0.006320598058867129,0.5459656084656085,0.02056920838635449,0.16773504273504272,0.014052293202955018
i0_c34.npy,1.0,0.3584,0.1217948717948717,0.1324,0,c34,0.4898504273504274,0.005368523301880824,0.4655480140774258,0.013599560752118553,0.13034188034188035,0.012087295404898252
i0_c35.npy,1.0,0.3986,0.1602564102564102,0.1753,0,c35,0.5042735042735043,0.0030218238512245512,0.513888888888889,0.009820927516479845,0.16666666666666666,0.011703473450965087
i0_c36.npy,1.0,0.3644,0.141025641025641,0.1462,0,c36,0.4583333333333333,0.004532735776836853,0.3924328877092222,0.018876457446010856,0.1549145299145299,0.02171196734284356
i0_c37.npy,1.0,0.3708,0.1794871794871795,0.1456,0,c37,0.48985042735042733,0.001194480757211422,0.4751307739012656,0.0014132424749403762,0.19337606837606836,0.011944807572114259
i0_c38.npy,1.0,0.3745,0.1217948717948717,0.1222,0,c38,0.4855769230769231,0.0024479571020063163,0.4496673669467787,0.005465391679378484,0.12820512820512822,0.0097918284080253
i0_c39.npy,1.0,0.384,0.1153846153846153,0.1215,0,c39,0.49946581196581197,0.001194480757211422,0.49806201550387597,0.004333465072674019,0.12393162393162394,0.01264119611773422
i0_c40.npy,1.0,0.3743,0.1666666666666666,0.1356,0,c40,0.5352564102564102,0.0,0.6243491711930251,0.005797546374737273,0.17735042735042736,0.007086805107597014
i0_c41.npy,1.0,0.3866,0.173076923076923,0.1626,0,c41,0.48824786324786323,0.004777923028845688,0.4710539358692038,0.010431475648152165,0.1891025641025641,0.004895914204012645
i0_c42.npy,1.0,0.3865,0.1538461538461538,0.1385,0,c42,0.5010683760683761,0.007554559628061405,0.5056774118353753,0.02273995784108517,0.16025641025641027,0.011703473450965085
i0_c43.npy,1.0,0.3691,0.1538461538461538,0.153,0,c43,0.48183760683760685,0.003997497208091803,0.45134310134310135,0.011112536639222712,0.16987179487179485,0.013723539079770435
i0_c44.npy,1.0,0.3881,0.1538461538461538,0.1471,0,c44,0.5085470085470085,0.005753381204203533,0.5254557963536292,0.016190726659083207,0.17841880341880342,0.009374961952342008
i0_c45.npy,1.0,0.3687,0.1025641025641025,0.1502,0,c45,0.4610042735042735,0.003888947590427639,0.370382465193786,0.02108347379017486,0.11324786324786323,0.01510911925612281
i0_c46.npy,1.0,0.3877,0.1987179487179487,0.1515,0,c46,0.5438034188034188,0.007554559628061404,0.6352339181286552,0.0252007517192079,0.20726495726495728,0.014173610215194019
i0_c47.npy,1.0,0.3824,0.141025641025641,0.1168,0,c47,0.48664529914529914,0.007497686350223391,0.45998162306478735,0.021359708563668478,0.16132478632478633,0.023528542249514145
i0_c48.npy,1.0,0.3947,0.1089743589743589,0.1106,0,c48,0.5090811965811965,0.001194480757211422,0.5431888004468649,0.009370816864102903,0.1175213675213675,0.014173610215194019
i0_c49.npy,1.0,0.3822,0.1538461538461538,0.1584,0,c49,0.5053418803418803,0.002388961514422844,0.5174689440993789,0.00793990629225799,0.16452991452991453,0.01510911925612281
i0_c50.npy,1.0,0.3841,0.1538461538461538,0.145,0,c50,0.5101495726495726,0.001194480757211422,0.5303496837331424,0.0020595396449323857,0.17735042735042736,0.015555790361710512
i0_c51.npy,1.0,0.3778,0.1089743589743589,0.1439,0,c51,0.4823717948717949,0.0024479571020063163,0.43602339181286554,0.015629195172256923,0.12499999999999999,0.023333685542565763
i0_c52.npy,1.0,0.3749,0.2243589743589743,0.1882,0,c52,0.5037393162393162,0.00597240378605713,0.5088515406162465,0.012903713342037616,0.2264957264957265,0.0030218238512245642
i0_c53.npy,1.0,0.3673,0.1346153846153846,0.147,0,c53,0.49786324786324787,0.004777923028845709,0.49333333333333335,0.014907119849998589,0.14636752136752135,0.009374961952342008
i0_c54.npy,1.0,0.3754,0.141025641025641,0.13,0,c54,0.5037393162393162,0.001194480757211422,0.5120740969556115,0.0019318617352058064,0.15598290598290596,0.02388961514422852
i0_c55.npy,1.0,0.3873,0.1282051282051282,0.1374,0,c55,0.516025641025641,0.008679528210081163,0.5547343536145327,0.019807493260010148,0.15705128205128208,0.028124885857026036
i0_c56.npy,1.0,0.3777,0.1153846153846153,0.1327,0,c56,0.5368589743589743,0.0035834422716342655,0.6912789982965423,0.020350279379995978,0.1346153846153846,0.018504816320180313
i0_c57.npy,1.0,0.3695,0.1217948717948717,0.1499,0,c57,0.4962606837606838,0.004687480976170989,0.4856872678149274,0.016081154924093035,0.1378205128205128,0.01468774261203795
i0_c58.npy,1.0,0.3867,0.1217948717948717,0.1561,0,c58,0.4813034188034188,0.001194480757211422,0.4356802063185042,0.005804606036717599,0.12713675213675213,0.0077778951808552535
i0_c59.npy,1.0,0.3956,0.141025641025641,0.1321,0,c59,0.5251068376068376,0.004687480976170989,0.5977142258537608,0.0145162231124467,0.15384615384615385,0.018504816320180313
i0_c60.npy,1.0,0.3773,0.1217948717948717,0.1296,0,c60,0.49038461538461536,0.005851736725482544,0.4670116850567978,0.020541556784378603,0.14102564102564102,0.01850481632018032
i0_c61.npy,1.0,0.3949,0.1538461538461538,0.1235,0,c61,0.5480769230769231,0.003700963264036082,0.7138457748213848,0.02232197870575204,0.16132478632478633,0.011944807572114259
i0_c62.npy,1.0,0.3671,0.0961538461538461,0.1464,0,c62,0.4807692307692308,0.0,0.4263894000736106,0.008132118325323118,0.11324786324786323,0.01682480314959789
i0_c63.npy,1.0,0.3867,0.1282051282051282,0.1321,0,c63,0.5042735042735043,0.0035434025537984916,0.5173839619836287,0.013648494324656969,0.14529914529914528,0.02528239223546845
i0_g.npy,0.1429,0.1494,,,0,g,0.49760000000000004,0.000782623792124923,0.4922107786307755,0.002684207204286549,0.15483333333333335,0.011503429440340343
i1_c0.npy,0.1474358974358974,0.1495,0.1538461538461538,0.1257,1,c0,0.5197649572649573,0.001194480757211422,0.5678845961864829,0.005854559164320287,0.16666666666666666,0.018130943107347374
i1_c1.npy,0.1474358974358974,0.15,0.1089743589743589,0.131,1,c1,0.48557692307692313,0.003583442271634286,0.44619819383970327,0.01665113813264829,0.12500000000000003,0.022739098989094837
i1_c2.npy,0.1538461538461538,0.1501,0.1923076923076923,0.1335,1,c2,0.5245726495726496,0.0015109119256122756,0.5651026945543621,0.005462856233022165,0.21367521367521367,0.0030218238512245642
i1_c3.npy,0.1153846153846153,0.1498,0.1602564102564102,0.1546,1,c3,0.4946581196581197,0.011506762408407055,0.48640951842103103,0.027949528421142046,0.1741452991452991,0.01194480757211426
i1_c4.npy,0.1089743589743589,0.1501,0.1346153846153846,0.1255,1,c4,0.47329059829059833,0.0015109119256122756,0.4203508771929824,0.0004962152850431876,0.141025641025641,0.009065471553673694
i1_c5.npy,0.1538461538461538,0.1495,0.1089743589743589,0.1435,1,c5,0.48023504273504275,0.001194480757211422,0.4297785547785548,0.006972337362664183,0.12286324786324786,0.0197288304622002
i1_c6.npy,0.1602564102564102,0.1499,0.1474358974358974,0.1464,1,c6,0.5058760683760684,0.001194480757211422,0.5192880752606154,0.004745644275438859,0.16132478632478633,0.011944807572114259
i1_c7.npy,0.1282051282051282,0.1497,0.1346153846153846,0.1564,1,c7,0.5016025641025641,0.008630071806305284,0.5053142624571195,0.02710089432008198,0.15170940170940173,0.012641196117734222
i1_c8.npy,0.1538461538461538,0.1497,0.1858974358974359,0.1392,1,c8,0.5219017094017094,0.001194480757211422,0.5649783842481612,0.006201328040866934,0.19123931623931623,0.007777895180855248
i1_c9.npy,0.1666666666666666,0.1503,0.173076923076923,0.1395,1,c9,0.5042735042735043,0.0015109119256122756,0.5116464510332436,0.0032944101561264887,0.18482905982905984,0.021071669789867548
i1_c10.npy,0.1474358974358974,0.1494,0.1089743589743589,0.1129,1,c10,0.4823717948717949,0.0024479571020063163,0.436013986013986,0.0157063985283996,0.125,0.022739098989094837
i1_c11.npy,0.1987179487179487,0.1499,0.1153846153846153,0.1247,1,c11,0.5053418803418803,0.0035434025537984916,0.5210835058661146,0.012175143402159881,0.12713675213675216,0.016722730600959967
i1_c12.npy,0.1089743589743589,0.1494,0.2243589743589743,0.1512,1,c12,0.5416666666666666,0.004895914204012633,0.6067397265419577,0.020460344251169747,0.24038461538461542,0.013723539079770428
i1_c13.npy,0.1346153846153846,0.1499,0.1538461538461538,0.135,1,c13,0.5213675213675214,0.0015109119256122756,0.5734943351222421,0.011173720752202458,0.1688034188034188,0.012087295404898245
i1_c14.npy,0.0833333333333333,0.15,0.0833333333333333,0.1164,1,c14,0.4866452991452992,0.0038889475904276298,0.4361707441959212,0.02406556044723022,0.09722222222222221,0.019728830462200198
i1_c15.npy,0.1346153846153846,0.1497,0.2115384615384615,0.1298,1,c15,0.532051282051282,0.0,0.5848694316436253,0.00678865957360358,0.2222222222222222,0.016824803149597882
i1_c16.npy,0.1474358974358974,0.1495,0.0897435897435897,0.1576,1,c16,0.4727564102564103,0.006861769539885213,0.38966458152504674,0.028141358529206316,0.09722222222222222,0.01194480757211426
i1_c17.npy,0.1474358974358974,0.1499,0.1666666666666666,0.1207,1,c17,0.5288461538461539,0.004895914204012633,0.6037758537758539,0.02388743744170279,0.17094017094017092,0.009555846057691417
i1_c18.npy,0.173076923076923,0.1498,0.1153846153846153,0.1469,1,c18,0.4829059829059829,0.0035434025537984916,0.44096322518642866,0.014794863841397742,0.13034188034188035,0.014173610215194022
i1_c19.npy,0.1282051282051282,0.1497,0.1282051282051282,0.147,1,c19,0.49946581196581197,0.00836136530047997,0.4987745098039216,0.026236177652502295,0.1378205128205128,0.01468774261203795
i1_c20.npy,0.1858974358974359,0.1496,0.1346153846153846,0.1325,1,c20,0.4919871794871795,0.0024479571020063406,0.4733252378061122,0.009876812780618483,0.14957264957264957,0.022410445473721192
i1_c21.npy,0.1474358974358974,0.1494,0.1858974358974359,0.1865,1,c21,0.4748931623931624,0.005972403786057129,0.4415072075519837,0.011124521109735648,0.18803418803418803,0.0030218238512245642
i1_c22.npy,0.1153846153846153,0.1497,0.1666666666666666,0.1273,1,c22,0.530448717948718,0.0035834422716342655,0.602330467070549,0.006368876317456272,0.1794871794871795,0.019583656816050607
i1_c23.npy,0.1858974358974359,0.1495,0.1346153846153846,0.145,1,c23,0.5026709401709402,0.001194480757211422,0.5100680657969371,0.004507337072883863,0.141025641025641,0.011703473450965087
i1_c24.npy,0.1282051282051282,0.1497,0.173076923076923,0.1732,1,c24,0.4967948717948718,0.0,0.4920457383750328,0.00036625755286105423,0.1987179487179487,0.009791828408025295
i1_c25.npy,0.1666666666666666,0.1499,0.1602564102564102,0.16,1,c25,0.5021367521367521,0.0030218238512245512,0.5054659498207885,0.007731578263838884,0.17841880341880342,0.016722730600959967
i1_c26.npy,0.1282051282051282,0.1498,0.1282051282051282,0.1453,1,c26,0.4748931623931624,0.0011944807572114428,0.4212241054613936,0.00878476068222318,0.13568376068376067,0.014052293202955028
i1_c27.npy,0.1282051282051282,0.15,0.1794871794871795,0.1786,1,c27,0.5106837606837606,0.003997497208091842,0.5292929292929293,0.010037680259773642,0.19230769230769232,0.009791828408025295
i1_c28.npy,0.1923076923076923,0.1491,0.1089743589743589,0.1347,1,c28,0.49786324786324787,0.005753381204203521,0.4904761904761905,0.02123619871592725,0.1185897435897436,0.014687742612037948
i1_c29.npy,0.0961538461538461,0.1499,0.1217948717948717,0.1209,1,c29,0.5144230769230769,0.0035834422716343062,0.5660330008156095,0.019871791425538486,0.12820512820512822,0.011703473450965092
i1_c30.npy,0.1346153846153846,0.1497,0.141025641025641,0.1641,1,c30,0.4983974358974359,0.0024479571020063163,0.49512312120243046,0.006893394642031731,0.17521367521367523,0.012087295404898257
i1_c31.npy,0.1153846153846153,0.15,0.1474358974358974,0.1491,1,c31,0.4967948717948718,0.001850481632018025,0.4901300236406619,0.00493242172191639,0.15491452991452995,0.014052293202955028
i1_c32.npy,0.1282051282051282,0.1497,0.141025641025641,0.1467,1,c32,0.5037393162393162,0.004687480976170989,0.5129957021568318,0.015098220802585409,0.1474358974358974,0.009791828408025298
i1_c33.npy,0.1217948717948717,0.1499,0.1602564102564102,0.1417,1,c33,0.5128205128205128,0.003700963264036082,0.5383730158730159,0.010899125758649037,0.18162393162393164,0.012087295404898245
i1_c34.npy,0.141025641025641,0.1502,0.141025641025641,0.129,1,c34,0.5016025641025641,0.0024479571020063163,0.5047774552491534,0.007324361829567448,0.15598290598290598,0.012087295404898245
i1_c35.npy,0.1346153846153846,0.1495,0.1346153846153846,0.1317,1,c35,0.5133547008547008,0.002876690602101793,0.5510599415204679,0.008708116450012208,0.1442307692307692,0.01468774261203795
i1_c36.npy,0.1666666666666666,0.1497,0.1538461538461538,0.1377,1,c36,0.5544871794871796,1.1102230246251565e-16,0.7423352061649934,0.028016869340402425,0.1688034188034188,0.016412704589462833
i1_c37.npy,0.1794871794871795,0.1502,0.173076923076923,0.1488,1,c37,0.5229700854700854,0.008361365300479982,0.5668703845174433,0.018741851976979283,0.19337606837606838,0.028286757040328465
i1_c38.npy,0.1346153846153846,0.1496,0.2115384615384615,0.1618,1,c38,0.547008547008547,0.0030218238512246037,0.6309136351776323,0.0031458478941442745,0.2264957264957265,0.01264119611773422
i1_c39.npy,0.1794871794871795,0.1499,0.141025641025641,0.152,1,c39,0.4935897435897436,0.003700963264036066,0.4785628019323671,0.012035707384054805,0.14636752136752137,0.01194480757211426
i1_c40.npy,0.1474358974358974,0.1496,0.0705128205128205,0.1402,1,c40,0.4775641025641026,0.001850481632018041,0.4068181818181818,0.011662730544197458,0.09935897435897435,0.013723539079770435
i1_c41.npy,0.1923076923076923,0.1499,0.1538461538461538,0.1332,1,c41,0.5016025641025641,0.005151522842410769,0.506018966258328,0.015346852164964038,0.15705128205128205,0.004895914204012645
i1_c42.npy,0.1282051282051282,0.1496,0.1538461538461538,0.1359,1,c42,0.5219017094017094,0.0059724037860571086,0.5742979668810871,0.015040857731854979,0.16773504273504272,0.014052293202955018
i1_c43.npy,0.1217948717948717,0.1499,0.1923076923076923,0.1639,1,c43,0.49412393162393164,0.005972403786057129,0.4861003268669614,0.01352819210875459,0.2019230769230769,0.018780337426545876
i1_c44.npy,0.141025641025641,0.1502,0.1538461538461538,0.1571,1,c44,0.5032051282051282,0.0,0.5097874775109915,0.0006510144227757303,0.16773504273504272,0.011944807572114259
i1_c45.npy,0.1346153846153846,0.1497,0.1474358974358974,0.1374,1,c45,0.5058760683760684,0.0028766906021017546,0.5184610075914424,0.008290554711341588,0.16452991452991453,0.02115276695857193
i1_c46.npy,0.1089743589743589,0.1497,0.1346153846153846,0.1413,1,c46,0.5202991452991453,0.005753381204203533,0.5785154173312068,0.02078484071738838,0.15064102564102563,0.013723539079770433
i1_c47.npy,0.1794871794871795,0.15,0.1538461538461538,0.1266,1,c47,0.5160256410256411,0.0,0.5554330259235477,0.003870914835420839,0.16132478632478633,0.010737046603761631
i1_c48.npy,0.141025641025641,0.1496,0.1474358974358974,0.1281,1,c48,0.5438034188034188,0.007554559628061404,0.6861782439073821,0.0369842763952576,0.16346153846153846,0.016447440511047698
i1_c49.npy,0.1858974358974359,0.1495,0.2115384615384615,0.1727,1,c49,0.5197649572649573,0.0028766906021017546,0.549967855994857,0.005150142758054553,0.21688034188034186,0.011944807572114259
i1_c50.npy,0.1474358974358974,0.1502,0.1538461538461538,0.1258,1,c50,0.5138888888888888,0.005753381204203547,0.5426117586368107,0.013701951771354767,0.1762820512820513,0.024479571020063245
i1_c51.npy,0.1666666666666666,0.1496,0.1538461538461538,0.1502,1,c51,0.49946581196581197,0.0028766906021017546,0.49868421052631584,0.007575582694755335,0.17307692307692304,0.009065471553673694
i1_c52.npy,0.1346153846153846,0.1497,0.173076923076923,0.1364,1,c52,0.4930555555555556,0.007026146601477509,0.4823369530013188,0.017844833313147325,0.18696581196581197,0.019728830462200204
i1_c53.npy,0.1538461538461538,0.1499,0.141025641025641,0.1467,1,c53,0.4967948717948718,0.004895914204012633,0.48819541841982234,0.01480099080087339,0.15384615384615383,0.023406946901930178
i1_c54.npy,0.1538461538461538,0.1494,0.1282051282051282,0.1295,1,c54,0.5074786324786325,0.0030218238512245512,0.5277572472694424,0.012498458177878112,0.1485042735042735,0.014052293202955028
i1_c55.npy,0.1346153846153846,0.1501,0.1602564102564102,0.1561,1,c55,0.5133547008547008,0.002876690602101793,0.5393859649122806,0.006891968552777345,0.1826923076923077,0.014687742612037952
i1_c56.npy,0.1666666666666666,0.1502,0.1153846153846153,0.1289,1,c56,0.5170940170940171,0.002388961514422844,0.5687830687830687,0.0059155237499994235,0.1420940170940171,0.0204112961266483
i1_c57.npy,0.173076923076923,0.1499,0.1474358974358974,0.1482,1,c57,0.49893162393162394,0.0015109119256122756,0.4972559604138551,0.0038931527707456253,0.17094017094017092,0.016824803149597882
i1_c58.npy,0.1346153846153846,0.1497,0.0769230769230769,0.1563,1,c58,0.4519230769230769,0.001850481632018025,0.32441241685144123,0.01592039869978978,0.08974358974358974,0.011703473450965092
i1_c59.npy,0.1474358974358974,0.1501,0.1858974358974359,0.1226,1,c59,0.5550213675213675,0.001194480757211422,0.7009619217376262,0.009951480850446002,0.1923076923076923,0.00906547155367368
i1_c60.npy,0.1282051282051282,0.1493,0.1025641025641025,0.1241,1,c60,0.4759615384615385,0.0024479571020063406,0.4125191387096148,0.006044216750780058,0.1143162393162393,0.017522670370573427
i1_c61.npy,0.0961538461538461,0.15,0.1602564102564102,0.1275,1,c61,0.5032051282051282,0.00370096326403605,0.5083207126550779,0.008421196966018483,0.18376068376068375,0.03282540917892567
i1_c62.npy,0.1089743589743589,0.1496,0.1858974358974359,0.1555,1,c62,0.5117521367521367,0.0057533812042035335,0.5297979797979797,0.014041857347937206,0.2126068376068376,0.010737046603761643
i1_c63.npy,0.1666666666666666,0.1498,0.1987179487179487,0.1591,1,c63,0.5128205128205128,0.0,0.5332473441309648,0.001768396794677506,0.2061965811965812,0.010737046603761643
i1_g.npy,0.1423,0.1438,,,1,g,0.5004166666666667,0.0006452820227535449,0.501471302728605,0.0020779445772372185,0.1558166666666667,0.010433027152056847
i2_c0.npy,0.1153846153846153,0.1441,0.1217948717948717,0.1431,2,c0,0.4626068376068377,0.0023889615144228435,0.39338942307692304,0.013922780036057654,0.13995726495726496,0.01752267037057343
i2_c1.npy,0.173076923076923,0.1437,0.173076923076923,0.1498,2,c1,0.5347222222222222,0.00597240378605715,0.6118577075098814,0.01141008437133647,0.18910256410256412,0.01644744051104771
i2_c2.npy,0.1923076923076923,0.1436,0.1282051282051282,0.1539,2,c2,0.515491452991453,0.0011944807572114634,0.5644540644540644,0.010285427984773008,0.1378205128205128,0.013723539079770447
i2_c3.npy,0.1602564102564102,0.1437,0.1153846153846153,0.1423,2,c3,0.47863247863247865,0.006320598058867109,0.42779567967537896,0.013172061137751595,0.125,0.013723539079770433
i2_c4.npy,0.141025641025641,0.144,0.1987179487179487,0.1318,2,c4,0.5283119658119658,0.0038889475904276137,0.5734305734305734,0.00636149761748471,0.22115384615384612,0.024479571020063245
i2_c5.npy,0.141025641025641,0.1437,0.1282051282051282,0.122,2,c5,0.5016025641025641,0.005151522842410769,0.5072328465185607,0.0173071095539273,0.1346153846153846,0.009065471553673694
i2_c6.npy,0.1346153846153846,0.1438,0.1538461538461538,0.1463,2,c6,0.5133547008547008,0.002876690602101792,0.5433468073219626,0.007202912995249536,0.16666666666666666,0.011703473450965087
i2_c7.npy,0.1987179487179487,0.1436,0.1346153846153846,0.1274,2,c7,0.4919871794871795,0.0024479571020063406,0.4741235985780694,0.006755578694203373,0.1452991452991453,0.007086805107597014
i2_c8.npy,0.1538461538461538,0.144,0.1346153846153846,0.137,2,c8,0.5048076923076923,0.0035834422716342655,0.5165482342807924,0.011234889385317134,0.14636752136752135,0.009374961952342008
i2_c9.npy,0.141025641025641,0.1442,0.1602564102564102,0.1947,2,c9,0.500534188034188,0.004687480976170989,0.5017120356103407,0.011960685617092591,0.17841880341880342,0.016722730600959967
i2_c10.npy,0.141025641025641,0.1437,0.0897435897435897,0.1186,2,c10,0.46901709401709407,0.0035434025537984916,0.38863482384823844,0.006430182680463487,0.1079059829059829,0.007777895180855256
i2_c11.npy,0.1474358974358974,0.1439,0.1794871794871795,0.1619,2,c11,0.4967948717948718,0.007401926528072115,0.4919595532867844,0.017152201570975485,0.19017094017094016,0.015555790361710507
i2_c12.npy,0.0961538461538461,0.1439,0.1602564102564102,0.1448,2,c12,0.5192307692307692,0.004895914204012669,0.5636309798765826,0.02041477869212163,0.17521367521367517,0.014173610215194019
i2_c13.npy,0.1538461538461538,0.1439,0.1666666666666666,0.1444,2,c13,0.5341880341880342,0.003997497208091803,0.6113475177304964,0.014061166831216373,0.18803418803418803,0.004777923028845697
i2_c14.npy,0.1602564102564102,0.1437,0.1282051282051282,0.1475,2,c14,0.5122863247863247,0.006520595948575702,0.5436507936507936,0.02136970161561311,0.15491452991452995,0.01194480757211426
i2_c15.npy,0.1538461538461538,0.1436,0.2307692307692307,0.1733,2,c15,0.5459401709401709,0.0023889615144228856,0.6119932039286877,0.0027007369510770223,0.25106837606837606,0.01194480757211427
i2_c16.npy,0.0897435897435897,0.1439,0.1858974358974359,0.1881,2,c16,0.48931623931623935,0.004777923028845709,0.47453703703703703,0.011457748769226467,0.20192307692307696,0.013723539079770435
i2_c17.npy,0.1346153846153846,0.1438,0.1025641025641025,0.1557,2,c17,0.46848290598290604,0.0028766906021017546,0.3999601076654655,0.014593940061313312,0.12820512820512822,0.018504816320180313
i2_c18.npy,0.1602564102564102,0.1437,0.1282051282051282,0.1392,2,c18,0.48183760683760685,0.008412401574798932,0.4407168241796433,0.022980491751638604,0.13141025641025642,0.007166884543268562
i2_c19.npy,0.141025641025641,0.1437,0.173076923076923,0.1449,2,c19,0.5064102564102564,0.00370096326403605,0.5185676392572943,0.009998393349158826,0.18162393162393164,0.012087295404898245
i2_c20.npy,0.1858974358974359,0.1439,0.1217948717948717,0.1456,2,c20,0.49412393162393164,0.001194480757211422,0.4783551554828151,0.00535412771901389,0.13247863247863248,0.015555790361710516
i2_c21.npy,0.1217948717948717,0.1442,0.1089743589743589,0.1346,2,c21,0.4930555555555556,0.005972403786057133,0.47655103066867777,0.01743267584561707,0.13034188034188035,0.012641196117734226
i2_c22.npy,0.1153846153846153,0.1439,0.1217948717948717,0.1341,2,c22,0.5202991452991453,0.002388961514422844,0.5915404040404041,0.003814092794695242,0.13141025641025642,0.0164474405110477
i2_c23.npy,0.173076923076923,0.1434,0.1217948717948717,0.1306,2,c23,0.5021367521367521,0.009555846057691397,0.5130698005698006,0.03166202772603215,0.1282051282051282,0.0097918284080253
i2_c24.npy,0.173076923076923,0.1437,0.1666666666666666,0.1483,2,c24,0.5048076923076923,0.005151522842410789,0.5122795115332428,0.011677273949997515,0.19123931623931625,0.019021895101244506
i2_c25.npy,0.1217948717948717,0.1437,0.173076923076923,0.1421,2,c25,0.5331196581196581,0.005753381204203509,0.6072453445641851,0.01759671298369724,0.18803418803418803,0.012641196117734219
i2_c26.npy,0.141025641025641,0.1434,0.1089743589743589,0.1239,2,c26,0.48878205128205127,0.005151522842410768,0.45522235822113427,0.020125914914230818,0.11965811965811966,0.018749923904684027
i2_c27.npy,0.141025641025641,0.1442,0.0961538461538461,0.1227,2,c27,0.4946581196581197,0.002388961514422844,0.47478070175438597,0.011421418122806832,0.10576923076923078,0.014687742612037943
i2_c28.npy,0.1666666666666666,0.1437,0.1153846153846153,0.1403,2,c28,0.4829059829059829,0.0015109119256122756,0.44009033423667576,0.0019795362402437065,0.1260683760683761,0.015555790361710507
i2_c29.npy,0.141025641025641,0.1439,0.1602564102564102,0.1657,2,c29,0.5064102564102564,0.0058517367254825635,0.5187074829931972,0.01584008164132412,0.17094017094017092,0.0155557903617105
i2_c30.npy,0.0961538461538461,0.1439,0.1666666666666666,0.1627,2,c30,0.5235042735042735,0.0030218238512245512,0.5744301994301995,0.012606032778082527,0.1826923076923077,0.0048959142040126535
i2_c31.npy,0.1602564102564102,0.1437,0.0705128205128205,0.1169,2,c31,0.49038461538461536,0.00555144489605409,0.44529411764705884,0.02654890375622767,0.08226495726495726,0.019021895101244503
i2_c32.npy,0.173076923076923,0.1439,0.2115384615384615,0.1909,2,c32,0.5026709401709402,0.001194480757211422,0.5063719862227325,0.0028508721120656133,0.2158119658119658,0.0070868051075970145
i2_c33.npy,0.1346153846153846,0.1439,0.1666666666666666,0.1377,2,c33,0.5074786324786325,0.011205222736860601,0.5219468370843753,0.02924604843775753,0.17841880341880337,0.01902189510124451
i2_c34.npy,0.1666666666666666,0.144,0.1346153846153846,0.1473,2,c34,0.46367521367521375,0.0023889615144228643,0.39859452046275434,0.005032127235257579,0.14316239316239315,0.012087295404898259
i2_c35.npy,0.1089743589743589,0.1439,0.1089743589743589,0.1307,2,c35,0.4951923076923077,0.002447957102006334,0.48098818474758326,0.006797819856100715,0.11645299145299144,0.014052293202955028
i2_c36.npy,0.1474358974358974,0.1439,0.1346153846153846,0.1523,2,c36,0.5197649572649573,0.007026146601477489,0.5720725353078294,0.01606629706072921,0.15384615384615385,0.02126041532279102
i2_c37.npy,0.173076923076923,0.144,0.1474358974358974,0.1426,2,c37,0.4935897435897436,0.007401926528072115,0.48113239676458064,0.020340449281067825,0.16025641025641027,0.009791828408025295
i2_c38.npy,0.1153846153846153,0.144,0.1923076923076923,0.1638,2,c38,0.5256410256410257,0.001850481632018025,0.5749958362083324,0.008401223110252765,0.19764957264957264,0.009374961952342008
i2_c39.npy,0.1153846153846153,0.1438,0.1025641025641025,0.149,2,c39,0.4829059829059829,0.002388961514422844,0.43236643236643246,0.0021168948869708867,0.10897435897435896,0.011703473450965089
i2_c40.npy,0.1153846153846153,0.1438,0.1602564102564102,0.1194,2,c40,0.5261752136752136,0.005972403786057151,0.5962476547842402,0.026087121469186007,0.1655982905982906,0.007777895180855248
i2_c41.npy,0.1923076923076923,0.1438,0.1923076923076923,0.17,2,c41,0.5074786324786325,0.0063205980588670885,0.5203012125902992,0.015758982530885177,0.19978632478632477,0.010737046603761631
i2_c42.npy,0.1346153846153846,0.144,0.1666666666666666,0.158,2,c42,0.5032051282051282,0.0,0.5090215486132591,0.0005832409783990441,0.18162393162393164,0.012087295404898245
i2_c43.npy,0.1538461538461538,0.1439,0.1602564102564102,0.1475,2,c43,0.5117521367521367,0.003997497208091823,0.5385678712654308,0.013609389561120086,0.1688034188034188,0.012641196117734219
i2_c44.npy,0.1217948717948717,0.1439,0.1153846153846153,0.1596,2,c44,0.48824786324786323,0.0023889615144228643,0.4600815850815851,0.009597709261072625,0.1378205128205128,0.013723539079770447
i2_c45.npy,0.1602564102564102,0.1437,0.2051282051282051,0.167,2,c45,0.5395299145299145,0.0035434025537984916,0.6129057874340894,0.017138395613857556,0.21688034188034186,0.011944807572114259
i2_c46.npy,0.1217948717948717,0.1439,0.1474358974358974,0.1693,2,c46,0.4513888888888889,0.0038889475904276133,0.3801325727180325,0.013221457615198001,0.15491452991452992,0.010737046603761631
i2_c47.npy,0.1089743589743589,0.1438,0.0897435897435897,0.1169,2,c47,0.48717948717948717,0.007401926528072131,0.44166666666666665,0.029462782549439473,0.09722222222222222,0.01194480757211426
i2_c48.npy,0.141025641025641,0.1437,0.1217948717948717,0.1369,2,c48,0.4877136752136752,0.010855983671421774,0.4576358998884107,0.03218642664741151,0.13034188034188035,0.016412704589462836
i2_c49.npy,0.1602564102564102,0.1441,0.1025641025641025,0.1366,2,c49,0.48771367521367526,0.0028766906021017733,0.4500679122772146,0.01376242897597518,0.11538461538461538,0.021260415322791028
i2_c50.npy,0.1025641025641025,0.1439,0.1282051282051282,0.1434,2,c50,0.4898504273504274,0.003888947590427639,0.4649195144478164,0.014941230090279718,0.13995726495726493,0.01672273060095997
i2_c51.npy,0.1217948717948717,0.1439,0.141025641025641,0.1417,2,c51,0.484508547008547,0.001194480757211422,0.45272407208497434,0.005794063923274137,0.14957264957264957,0.012087295404898245
i2_c52.npy,0.141025641025641,0.144,0.1346153846153846,0.149,2,c52,0.4813034188034188,0.0046874809761710086,0.4416433841965756,0.010527781841497016,0.13995726495726493,0.00777789518085526
i2_c53.npy,0.0705128205128205,0.1439,0.1794871794871795,0.1364,2,c53,0.5315170940170939,0.009864415231100106,0.6054292318443262,0.03458264285137231,0.18376068376068377,0.009555846057691405
i2_c54.npy,0.1666666666666666,0.1439,0.1346153846153846,0.1634,2,c54,0.4882478632478633,0.0023889615144228643,0.4631834215167549,0.008466871415199079,0.14957264957264957,0.012087295404898245
i2_c55.npy,0.1794871794871795,0.1438,0.1602564102564102,0.1555,2,c55,0.5176282051282051,0.005151522842410766,0.5581531758002346,0.014830626797744152,0.1688034188034188,0.012641196117734219
i2_c56.npy,0.1474358974358974,0.1438,0.141025641025641,0.1386,2,c56,0.49732905982905984,0.005972403786057129,0.4921383647798742,0.017579150766507776,0.14529914529914528,0.0060436477024491285
i2_c57.npy,0.1474358974358974,0.1434,0.141025641025641,0.1401,2,c57,0.5256410256410257,0.004895914204012633,0.5905650586012082,0.011832773603950983,0.16666666666666666,0.018504816320180306
i2_c58.npy,0.1602564102564102,0.1437,0.1089743589743589,0.1354,2,c58,0.47382478632478636,0.0028766906021017668,0.40770891690009337,0.011073515644014048,0.11645299145299144,0.01194480757211426
i2_c59.npy,0.1602564102564102,0.1435,0.1346153846153846,0.1344,2,c59,0.5058760683760684,0.004687480976170989,0.5193263145442716,0.013559359531265745,0.1591880341880342,0.0190218951012445
i2_c60.npy,0.1923076923076923,0.1437,0.1858974358974359,0.1466,2,c60,0.5293803418803419,0.001194480757211422,0.5854222843636606,0.004008273460933624,0.2019230769230769,0.01468774261203795
i2_c61.npy,0.1153846153846153,0.144,0.1346153846153846,0.1574,2,c61,0.5090811965811965,0.00914382626529044,0.5313725490196078,0.027018654469648375,0.14743589743589744,0.021260415322791028
i2_c62.npy,0.1217948717948717,0.1439,0.141025641025641,0.1509,2,c62,0.5032051282051282,0.001850481632018025,0.5108383577375826,0.005461202860070986,0.14743589743589744,0.014333769086537116
i2_c63.npy,0.141025641025641,0.144,0.1474358974358974,0.1518,2,c63,0.48664529914529914,0.001194480757211422,0.46089484235465644,0.0031823386035960987,0.15811965811965814,0.015555790361710507
i2_g.npy,0.1483,0.1598,,,2,g,0.4954833333333333,0.0004412734098291169,0.48641266780195425,0.0011595331732213853,0.16203333333333336,0.012270108212870636
i3_c0.npy,0.1153846153846153,0.16,0.1666666666666666,0.1522,3,c0,0.516025641025641,0.0058517367254825635,0.5458813700918964,0.011511652852978126,0.186965811965812,0.021711967342843568
i3_c1.npy,0.1474358974358974,0.1601,0.0961538461538461,0.1326,3,c1,0.48985042735042733,0.001194480757211422,0.45569383612861875,0.0018321418928124837,0.1047008547008547,0.014173610215194013
i3_c2.npy,0.1474358974358974,0.1601,0.1794871794871795,0.1507,3,c2,0.5267094017094017,0.0035434025537984916,0.5757794008250491,0.01394354509393948,0.20512820512820515,0.009065471553673694
i3_c3.npy,0.1282051282051282,0.16,0.1474358974358974,0.1174,3,c3,0.5272435897435898,0.0035834422716342655,0.599889258028793,0.016304663437739047,0.1655982905982906,0.019021895101244496
i3_c4.npy,0.173076923076923,0.1601,0.1217948717948717,0.1385,3,c4,0.5138888888888888,0.001510911925612328,0.5503685162008066,0.0013122466730480643,0.1517094017094017,0.015555790361710507
i3_c5.npy,0.1346153846153846,0.16,0.2115384615384615,0.1772,3,c5,0.5069444444444444,0.001194480757211422,0.516400262202501,0.002786609732656234,0.21901709401709402,0.011944807572114262
i3_c6.npy,0.1666666666666666,0.16,0.0961538461538461,0.1084,3,c6,0.4861111111111111,0.002388961514422844,0.4484066446309009,0.003782975501018076,0.12072649572649573,0.017522670370573427
i3_c7.npy,0.1474358974358974,0.1597,0.1602564102564102,0.1507,3,c7,0.4903846153846154,0.005851736725482544,0.4750225184651414,0.01314247026172558,0.17735042735042736,0.0060436477024491285
i3_c8.npy,0.1538461538461538,0.1598,0.1923076923076923,0.1623,3,c8,0.530982905982906,0.003997497208091803,0.5942033644058716,0.016716383347426592,0.19764957264957264,0.009374961952342008
i3_c9.npy,0.1346153846153846,0.1602,0.2179487179487179,0.153,3,c9,0.5534188034188033,0.003997497208091842,0.6594017094017093,0.019254496283878295,0.22222222222222224,0.007086805107597004
i3_c10.npy,0.1025641025641025,0.16,0.1538461538461538,0.1511,3,c10,0.5016025641025641,0.008630071806305315,0.5040960451977402,0.02253035163660283,0.17200854700854698,0.0190218951012445
i3_c11.npy,0.1474358974358974,0.16,0.1794871794871795,0.154,3,c11,0.5069444444444444,0.006520595948575708,0.5183324999702371,0.015104148457710343,0.19123931623931625,0.021071669789867537
i3_c12.npy,0.1089743589743589,0.1598,0.1025641025641025,0.1579,3,c12,0.46901709401709407,0.0023889615144228435,0.4006098802450626,0.014822474759821338,0.12713675213675216,0.017522670370573423
i3_c13.npy,0.1282051282051282,0.1601,0.1794871794871795,0.1661,3,c13,0.5288461538461539,0.00370096326403605,0.5944420321320018,0.011925805213555964,0.18162393162393164,0.004777923028845708
i3_c14.npy,0.1538461538461538,0.1602,0.1602564102564102,0.1458,3,c14,0.5341880341880342,0.0030218238512245512,0.6174397920087575,0.006623942684200888,0.18055555555555555,0.021711967342843568
i3_c15.npy,0.1602564102564102,0.1601,0.1538461538461538,0.1471,3,c15,0.49786324786324787,0.006320598058867109,0.4946845504222554,0.0162930282087553,0.1623931623931624,0.012087295404898245
i3_c16.npy,0.1217948717948717,0.1597,0.1346153846153846,0.16,3,c16,0.49252136752136755,0.0015109119256123018,0.4748123547802392,0.003632448732803972,0.13995726495726493,0.009374961952342017
i3_c17.npy,0.0961538461538461,0.16,0.1923076923076923,0.179,3,c17,0.5074786324786325,0.0015109119256122756,0.5179990649836372,0.002644625642586433,0.21367521367521367,0.012087295404898259
i3_c18.npy,0.1602564102564102,0.1597,0.1025641025641025,0.1541,3,c18,0.46741452991453,0.001194480757211422,0.38381149561273786,0.004171191127143102,0.1079059829059829,0.007777895180855256
i3_c19.npy,0.1153846153846153,0.1599,0.1987179487179487,0.1698,3,c19,0.5219017094017094,0.0059724037860571086,0.5580165674092591,0.010786877092810357,0.2083333333333333,0.018780337426545887
i3_c20.npy,0.173076923076923,0.1599,0.1666666666666666,0.1635,3,c20,0.5251068376068376,0.004687480976170989,0.5824807826694619,0.009556941018336549,0.17628205128205124,0.01468774261203795
i3_c21.npy,0.141025641025641,0.1597,0.1282051282051282,0.1378,3,c21,0.5048076923076923,0.0024479571020063163,0.5191778465772273,0.010483806438017,0.13888888888888887,0.015555790361710512
i3_c22.npy,0.1666666666666666,0.16,0.141025641025641,0.1413,3,c22,0.48504273504273504,0.00755455962806141,0.45928030303030304,0.019244698326611343,0.17307692307692304,0.02126041532279102
i3_c23.npy,0.1602564102564102,0.16,0.1282051282051282,0.1361,3,c23,0.49252136752136755,0.0015109119256123018,0.47359604950653655,0.00413184519169254,0.13354700854700854,0.01194480757211427
i3_c24.npy,0.1474358974358974,0.1598,0.1282051282051282,0.1223,3,c24,0.5133547008547008,0.00468748097617103,0.5573286052009455,0.022618195099508378,0.13568376068376067,0.010737046603761643
i3_c25.npy,0.1474358974358974,0.1598,0.1153846153846153,0.1275,3,c25,0.49786324786324787,0.004777923028845708,0.49275362318840576,0.01620339114130283,0.12393162393162394,0.01264119611773422
i3_c26.npy,0.1794871794871795,0.1598,0.1474358974358974,0.1453,3,c26,0.4914529914529915,0.007994994416183647,0.47420634920634924,0.02178025634930571,0.15384615384615388,0.011703473450965087
i3_c27.npy,0.1858974358974359,0.1599,0.1282051282051282,0.1354,3,c27,0.5186965811965811,0.00536852330188085,0.5803405572755419,0.028599254493604037,0.141025641025641,0.014333769086537114
i3_c28.npy,0.1538461538461538,0.16,0.173076923076923,0.145,3,c28,0.49893162393162394,0.003997497208091823,0.49756627553237726,0.009736740838772705,0.18055555555555558,0.010737046603761636
i3_c29.npy,0.173076923076923,0.1602,0.1089743589743589,0.1473,3,c29,0.4877136752136752,0.001194480757211422,0.45152256963762466,0.006620102858671118,0.11538461538461538,0.00906547155367368
i3_c30.npy,0.1153846153846153,0.1598,0.1346153846153846,0.1596,3,c30,0.4727564102564103,0.0035834422716342655,0.4201960784313725,0.011889857204545504,0.1452991452991453,0.02115276695857194
i3_c31.npy,0.1346153846153846,0.1597,0.1474358974358974,0.1325,3,c31,0.5144230769230769,0.0024479571020063645,0.5506206756206756,0.004289524114414176,0.155982905982906,0.014173610215194019
i3_c32.npy,0.1794871794871795,0.1599,0.1858974358974359,0.1654,3,c32,0.5373931623931624,0.0063205980588670885,0.6186408892525913,0.02944784794020935,0.19978632478632477,0.014052293202955028
i3_c33.npy,0.0961538461538461,0.1598,0.1217948717948717,0.1373,3,c33,0.49893162393162394,0.003997497208091823,0.49653270291568163,0.013353428587717993,0.12927350427350426,0.010737046603761638
i3_c34.npy,0.1858974358974359,0.1598,0.1923076923076923,0.1766,3,c34,0.49038461538461536,0.00555144489605409,0.4776709401709402,0.012074540355679595,0.20405982905982908,0.00777789518085526
i3_c35.npy,0.141025641025641,0.16,0.1794871794871795,0.1419,3,c35,0.5293803418803418,0.008761335185286715,0.5942004834781991,0.03311452670359471,0.19017094017094016,0.007086805107597004
i3_c36.npy,0.1474358974358974,0.1599,0.1089743589743589,0.1308,3,c36,0.4967948717948718,0.003700963264036066,0.48742608154372863,0.011945812877183595,0.12286324786324786,0.0197288304622002
i3_c37.npy,0.1538461538461538,0.1598,0.2115384615384615,0.1763,3,c37,0.5459401709401709,0.003997497208091842,0.6199530516431925,0.009129312902643226,0.2382478632478632,0.021711967342843558
i3_c38.npy,0.1987179487179487,0.1598,0.1666666666666666,0.1656,3,c38,0.4946581196581197,0.002388961514422844,0.48605476673428,0.006304845132372631,0.19017094017094016,0.01510911925612281
i3_c39.npy,0.1282051282051282,0.1601,0.141025641025641,0.1473,3,c39,0.4962606837606838,0.005972403786057128,0.4892178362573099,0.01663413292554622,0.14636752136752137,0.009374961952342008
i3_c40.npy,0.1346153846153846,0.1602,0.1282051282051282,0.125,3,c40,0.49038461538461536,0.00555144489605409,0.4688492063492064,0.015769753396836197,0.1452991452991453,0.015555790361710512
i3_c41.npy,0.2115384615384615,0.1599,0.173076923076923,0.1714,3,c41,0.5373931623931624,0.004777923028845729,0.6207069035271617,0.00830786153605877,0.19230769230769232,0.0195836568160506
i3_c42.npy,0.1025641025641025,0.1598,0.1153846153846153,0.15,3,c42,0.4951923076923077,0.00686176953988522,0.4840740740740741,0.02296594962655926,0.12713675213675213,0.009374961952342014
i3_c43.npy,0.1282051282051282,0.1599,0.1089743589743589,0.1344,3,c43,0.4764957264957265,0.0035434025537985137,0.417731941261353,0.018821472385388494,0.12286324786324786,0.0197288304622002
i3_c44.npy,0.2051282051282051,0.16,0.1217948717948717,0.1297,3,c44,0.48344017094017094,0.001194480757211422,0.4436645525017618,0.004913279615837688,0.13141025641025642,0.014687742612037953
i3_c45.npy,0.141025641025641,0.16,0.141025641025641,0.1371,3,c45,0.5048076923076923,0.0024479571020063163,0.516852195423624,0.008815327946906874,0.15064102564102566,0.0048959142040126535
i3_c46.npy,0.141025641025641,0.1601,0.1153846153846153,0.123,3,c46,0.5090811965811965,0.010535834894933774,0.5340500079630514,0.03453004252157279,0.12927350427350429,0.023528542249514145
i3_c47.npy,0.1089743589743589,0.1601,0.0961538461538461,0.1339,3,c47,0.4759615384615385,0.0024479571020063406,0.4050023228486322,0.005139712500759845,0.10256410256410257,0.009791828408025297
i3_c48.npy,0.1153846153846153,0.1599,0.1474358974358974,0.1221,3,c48,0.49732905982905984,0.0028766906021017546,0.4911441329881046,0.00804216937601703,0.16025641025641027,0.02126041532279102
i3_c49.npy,0.1666666666666666,0.1599,0.141025641025641,0.1646,3,c49,0.47329059829059833,0.003997497208091813,0.42442663525518326,0.0043842152580663785,0.14957264957264957,0.01641270458946284
i3_c50.npy,0.1217948717948717,0.1601,0.1538461538461538,0.1651,3,c50,0.5032051282051282,0.004532735776836827,0.507619487416301,0.010821865545438807,0.1891025641025641,0.024479571020063248
i3_c51.npy,0.1474358974358974,0.1598,0.1538461538461538,0.1318,3,c51,0.5037393162393162,0.0038889475904276137,0.5130307653190949,0.012573125123857415,0.16132478632478633,0.010737046603761631
i3_c52.npy,0.1602564102564102,0.1597,0.2307692307692307,0.1685,3,c52,0.532051282051282,0.0,0.5786890360983102,0.0033748626393782033,0.23611111111111113,0.009374961952341998
i3_c53.npy,0.1089743589743589,0.16,0.1282051282051282,0.1703,3,c53,0.4962606837606838,0.0028766906021017733,0.4875310808834284,0.008256169562196628,0.1420940170940171,0.010737046603761643
i3_c54.npy,0.1666666666666666,0.16,0.1987179487179487,0.1295,3,c54,0.5443376068376068,0.0028766906021017785,0.6383828160143951,0.011527146900819707,0.2051282051282051,0.011703473450965096
i3_c55.npy,0.1858974358974359,0.1602,0.1923076923076923,0.144,3,c55,0.5154914529914529,0.0011944807572114634,0.5412038737588404,0.0053014618395043015,0.2051282051282051,0.011703473450965096
i3_c56.npy,0.1602564102564102,0.16,0.173076923076923,0.1601,3,c56,0.4813034188034188,0.0046874809761710086,0.4539962769470966,0.01040995452753186,0.18376068376068377,0.009555846057691405
i3_c57.npy,0.1923076923076923,0.1599,0.1217948717948717,0.169,3,c57,0.4829059829059829,0.0015109119256122756,0.44803767660910515,0.002589473896664873,0.14743589743589744,0.011703473450965085
i3_c58.npy,0.2115384615384615,0.16,0.1538461538461538,0.1298,3,c58,0.48878205128205127,0.0035834422716342655,0.4672262972985805,0.009414333273079011,0.1591880341880342,0.009374961952342008
i3_c59.npy,0.1923076923076923,0.1598,0.141025641025641,0.1485,3,c59,0.5,0.0,0.5,0.0,0.15064102564102563,0.01468774261203795
i3_c60.npy,0.1923076923076923,0.1599,0.141025641025641,0.1558,3,c60,0.4743589743589744,0.00555144489605409,0.4277847835224884,0.014246832559968326,0.1527777777777778,0.016722730600959967
i3_c61.npy,0.1217948717948717,0.1603,0.1089743589743589,0.1514,3,c61,0.500534188034188,0.007497686350223392,0.5046722743151314,0.02525721466370489,0.12713675213675213,0.0077778951808552535
i3_c62.npy,0.1153846153846153,0.16,0.1858974358974359,0.1658,3,c62,0.5235042735042735,0.007086805107596983,0.5620919738863287,0.014711140423946825,0.21047008547008547,0.01752267037057343
i3_c63.npy,0.1346153846153846,0.16,0.1602564102564102,0.144,3,c63,0.5010683760683761,0.004777923028845709,0.5035628202109889,0.013790737726545502,0.16773504273504272,0.002388961514422854
i3_g.npy,0.154,0.1598,,,3,g,0.49766666666666665,0.0004258977446393501,0.49312100678224075,0.0009405190073696986,0.1665,0.011486223632392564
i4_c0.npy,0.1602564102564102,0.1599,0.1474358974358974,0.1353,4,c0,0.532051282051282,0.0,0.6297949735449735,0.01355920921532466,0.15705128205128208,0.01468774261203795
i4_c1.npy,0.1538461538461538,0.1604,0.2115384615384615,0.1488,4,c1,0.5416666666666666,0.001850481632018025,0.6023699881862238,0.011919206290138757,0.24786324786324787,0.02417459080979649
i4_c2.npy,0.0897435897435897,0.1601,0.1794871794871795,0.1332,4,c2,0.5299145299145299,0.004777923028845688,0.592452300785634,0.02143872726294937,0.19658119658119658,0.01682480314959789
i4_c3.npy,0.1538461538461538,0.1602,0.0705128205128205,0.1033,4,c3,0.500534188034188,0.0038889475904276133,0.5069046777424296,0.02184850807415072,0.08760683760683761,0.018749923904684017
i4_c4.npy,0.173076923076923,0.1603,0.2564102564102564,0.2014,4,c4,0.5400641025641025,0.0035834422716342655,0.5874089784376104,0.012137431143859435,0.27136752136752135,0.012641196117734219
i4_c5.npy,0.141025641025641,0.1601,0.1089743589743589,0.1614,4,c5,0.4663461538461539,0.005151522842410768,0.38668003916230864,0.009791971248894896,0.11431623931623931,0.00777789518085525
i4_c6.npy,0.1666666666666666,0.1602,0.1538461538461538,0.1753,4,c6,0.4951923076923077,0.005151522842410769,0.4858873373910968,0.01381519980289059,0.15918803418803418,0.007777895180855248
i4_c7.npy,0.1089743589743589,0.1604,0.1666666666666666,0.1374,4,c7,0.5122863247863247,0.0028766906021017785,0.5381313131313131,0.009698416348318917,0.1762820512820513,0.01372353907977044
i4_c8.npy,0.1794871794871795,0.1601,0.0705128205128205,0.1417,4,c8,0.4626068376068377,0.00755455962806141,0.3493301812450748,0.03270101677816045,0.08867521367521368,0.01752267037057342
i4_c9.npy,0.1987179487179487,0.1604,0.1217948717948717,0.1329,4,c9,0.5021367521367521,0.0035434025537984916,0.5065359477124183,0.010838643105736602,0.1420940170940171,0.019728830462200204
i4_c10.npy,0.1089743589743589,0.1603,0.1474358974358974,0.1546,4,c10,0.5074786324786325,0.007777895180855227,0.526969696969697,0.026771488198248213,0.1591880341880342,0.01194480757211426
i4_c11.npy,0.1858974358974359,0.1602,0.1602564102564102,0.1492,4,c11,0.5074786324786325,0.009555846057691416,0.521422604129371,0.025731171288333556,0.17307692307692304,0.019583656816050593
i4_c12.npy,0.141025641025641,0.1601,0.1089743589743589,0.1363,4,c12,0.47863247863247865,0.002388961514422844,0.42360891141378937,0.014741562049135154,0.1217948717948718,0.0195836568160506
i4_c13.npy,0.1474358974358974,0.1603,0.1217948717948717,0.1407,4,c13,0.4930555555555556,0.003888947590427639,0.4739757691694564,0.015201476434760516,0.13568376068376067,0.0197288304622002
i4_c14.npy,0.1346153846153846,0.1602,0.1346153846153846,0.1201,4,c14,0.5283119658119658,0.0028766906021017546,0.6200554577934198,0.020416849225005085,0.1485042735042735,0.011944807572114262
i4_c15.npy,0.1282051282051282,0.1602,0.1282051282051282,0.1398,4,c15,0.5213675213675214,0.0035434025537984916,0.5851851851851853,0.006928995160692479,0.14636752136752137,0.016722730600959967
i4_c16.npy,0.1089743589743589,0.16,0.0897435897435897,0.1443,4,c16,0.4823717948717949,0.0035834422716342863,0.4276426882809861,0.012208666561009433,0.1047008547008547,0.014173610215194013
i4_c17.npy,0.1346153846153846,0.1601,0.1474358974358974,0.1297,4,c17,0.5138888888888888,0.0030218238512246037,0.5505150099856898,0.01485409385132549,0.155982905982906,0.014173610215194019
i4_c18.npy,0.1666666666666666,0.1599,0.141025641025641,0.1272,4,c18,0.5096153846153846,0.003700963264036082,0.5338217424525477,0.012499947940401906,0.1527777777777778,0.007777895180855252
i4_c19.npy,0.1217948717948717,0.1603,0.1282051282051282,0.1456,4,c19,0.49946581196581197,0.0028766906021017546,0.49864672364672363,0.008965592878708897,0.13675213675213674,0.012641196117734234
i4_c20.npy,0.173076923076923,0.1604,0.1987179487179487,0.165,4,c20,0.49572649572649574,0.0057533812042035275,0.4899820026194712,0.012493581599567935,0.20726495726495728,0.014173610215194019
i4_c21.npy,0.1602564102564102,0.1599,0.1025641025641025,0.1276,4,c21,0.4829059829059829,0.0015109119256122756,0.43343480843480847,0.004211087795288535,0.11217948717948717,0.01644744051104771
i4_c22.npy,0.1282051282051282,0.16,0.1217948717948717,0.145,4,c22,0.49252136752136755,0.003997497208091823,0.4738993710691824,0.01100404289743565,0.1346153846153846,0.018504816320180313
i4_c23.npy,0.1602564102564102,0.1602,0.1089743589743589,0.1215,4,c23,0.4877136752136752,0.0038889475904276133,0.4525648097076668,0.01139210915744186,0.11538461538461538,0.011703473450965089
i4_c24.npy,0.1602564102564102,0.16,0.2307692307692307,0.1755,4,c24,0.5272435897435898,0.006861769539885194,0.5614274322169059,0.01367287224415568,0.24893162393162394,0.01752267037057343
i4_c25.npy,0.1474358974358974,0.16,0.2051282051282051,0.1393,4,c25,0.546474358974359,0.003583442271634307,0.6329361138695795,0.015169249417754625,0.22222222222222224,0.0060436477024491285
i4_c26.npy,0.1858974358974359,0.16,0.1282051282051282,0.1485,4,c26,0.4877136752136752,0.001194480757211422,0.4585858585858586,0.005713994191406455,0.1378205128205128,0.018780337426545887
i4_c27.npy,0.1666666666666666,0.1599,0.173076923076923,0.1429,4,c27,0.5229700854700854,0.0046874809761710285,0.5723089713005133,0.018056840775310987,0.18482905982905984,0.007777895180855252
i4_c28.npy,0.1282051282051282,0.1599,0.141025641025641,0.1568,4,c28,0.46367521367521375,0.0015109119256122756,0.4010416666666667,0.0023292374765622728,0.1474358974358974,0.009791828408025298
i4_c29.npy,0.1538461538461538,0.1604,0.1025641025641025,0.1342,4,c29,0.4823717948717949,0.0035834422716342655,0.43339218066129687,0.01914225208447274,0.12072649572649573,0.02575207434443152
i4_c30.npy,0.1474358974358974,0.1601,0.1346153846153846,0.1226,4,c30,0.514423076923077,0.005151522842410789,0.5568968968968969,0.020661640299267946,0.14423076923076922,0.01644744051104771
i4_c31.npy,0.1538461538461538,0.1603,0.1602564102564102,0.1498,4,c31,0.5202991452991452,0.0035434025537985307,0.5660556464811785,0.013423748521407285,0.17521367521367523,0.0030218238512245642
i4_c32.npy,0.1923076923076923,0.1602,0.1666666666666666,0.1517,4,c32,0.5128205128205128,0.003700963264036082,0.5401709401709401,0.012030502786546349,0.17521367521367517,0.012641196117734222
i4_c33.npy,0.1153846153846153,0.1603,0.1282051282051282,0.1413,4,c33,0.48504273504273504,0.004777923028845708,0.45183982683982676,0.010996970472349345,0.13888888888888887,0.015555790361710512
i4_c34.npy,0.2179487179487179,0.1601,0.1858974358974359,0.1754,4,c34,0.4893162393162393,0.0015109119256122756,0.47444684944684945,0.002571356996193235,0.19764957264957264,0.009374961952342008
i4_c35.npy,0.1346153846153846,0.1601,0.1602564102564102,0.1267,4,c35,0.5133547008547008,0.0011944807572114634,0.5401948051948052,0.0028252350542606513,0.17948717948717952,0.009065471553673694
i4_c36.npy,0.173076923076923,0.16,0.2307692307692307,0.1778,4,c36,0.5422008547008547,0.001194480757211422,0.6067796610169492,0.004793944279230859,0.2403846153846154,0.01468774261203794
i4_c37.npy,0.1474358974358974,0.1602,0.2051282051282051,0.1739,4,c37,0.5053418803418803,0.004777923028845729,0.5124119037162516,0.010665642336551902,0.21794871794871795,0.018504816320180313
i4_c38.npy,0.2115384615384615,0.1601,0.1602564102564102,0.1264,4,c38,0.5251068376068376,0.0028766906021017546,0.5851736706689536,0.01037422569355159,0.17307692307692304,0.011703473450965087
i4_c39.npy,0.1089743589743589,0.1602,0.2435897435897435,0.1766,4,c39,0.5021367521367521,0.0060436477024491024,0.5045697358197357,0.011672971019664977,0.2585470085470085,0.007994994416183647
i4_c40.npy,0.141025641025641,0.1599,0.2243589743589743,0.1885,4,c40,0.5416666666666666,0.001850481632018025,0.6095464784668819,0.00953960851006905,0.23290598290598288,0.01264119611773421
i4_c41.npy,0.1538461538461538,0.16,0.1794871794871795,0.1692,4,c41,0.5277777777777778,0.003997497208091803,0.5885211452587339,0.01478752094213963,0.1858974358974359,0.009791828408025297
i4_c42.npy,0.1282051282051282,0.1603,0.0769230769230769,0.0963,4,c42,0.48344017094017094,0.001194480757211422,0.41867120875046343,0.008661931801439003,0.08760683760683761,0.021152766958571927
i4_c43.npy,0.1666666666666666,0.1599,0.1282051282051282,0.1676,4,c43,0.48664529914529914,0.0065205959485757055,0.45696813346916865,0.018448483144969906,0.13995726495726493,0.00777789518085526
i4_c44.npy,0.2115384615384615,0.1601,0.1217948717948717,0.1509,4,c44,0.4829059829059829,0.0015109119256122756,0.4483931737588653,0.0024158055581329496,0.14957264957264957,0.021474093207523276
i4_c45.npy,0.141025641025641,0.1602,0.1858974358974359,0.1555,4,c45,0.5096153846153846,0.005551444896054106,0.5259943181818182,0.013651891017637004,0.1955128205128205,0.014687742612037948
i4_c46.npy,0.1602564102564102,0.1601,0.2243589743589743,0.1722,4,c46,0.517094017094017,0.004777923028845729,0.5396388699020277,0.011880569957156997,0.23611111111111113,0.007777895180855247
i4_c47.npy,0.0961538461538461,0.1602,0.1089743589743589,0.1456,4,c47,0.5053418803418803,0.005753381204203509,0.5254385964912281,0.02386978548232037,0.11538461538461538,0.009791828408025297
i4_c48.npy,0.1346153846153846,0.1602,0.1538461538461538,0.1431,4,c48,0.5037393162393162,0.005972403786057129,0.513866615189673,0.017201574576333097,0.16025641025641027,0.011703473450965085
i4_c49.npy,0.173076923076923,0.1602,0.1346153846153846,0.1366,4,c49,0.4893162393162393,0.0057533812042035205,0.4691023262451834,0.012926030598104828,0.15811965811965814,0.015555790361710507
i4_c50.npy,0.1282051282051282,0.1598,0.0897435897435897,0.1392,4,c50,0.4780982905982906,0.005368523301880824,0.42512204776355716,0.022810399287004183,0.12820512820512822,0.018130943107347374
i4_c51.npy,0.1346153846153846,0.1602,0.1217948717948717,0.1455,4,c51,0.49252136752136755,0.003997497208091823,0.4736482471776589,0.011683872933346894,0.1346153846153846,0.019583656816050597
i4_c52.npy,0.1666666666666666,0.1602,0.0897435897435897,0.1593,4,c52,0.47008547008547014,0.0023889615144228435,0.38410925037064864,0.010887648207218504,0.10042735042735045,0.015555790361710505
i4_c53.npy,0.0576923076923076,0.1602,0.1282051282051282,0.1464,4,c53,0.5267094017094017,0.0060436477024491024,0.6103422197012668,0.014736592416164988,0.14636752136752137,0.016722730600959967
i4_c54.npy,0.1794871794871795,0.1602,0.1602564102564102,0.1283,4,c54,0.5202991452991453,0.0030218238512245512,0.5627705627705627,0.012244273267299528,0.18376068376068377,0.0060436477024491285
i4_c55.npy,0.2307692307692307,0.1603,0.1538461538461538,0.1752,4,c55,0.500534188034188,0.005368523301880798,0.5004132191463037,0.014164455884069,0.18055555555555555,0.019728830462200204
i4_c56.npy,0.173076923076923,0.1604,0.2243589743589743,0.1504,4,c56,0.5491452991452993,0.002388961514422844,0.6280943460833485,0.005938808519410981,0.24145299145299146,0.015555790361710497
i4_c57.npy,0.1923076923076923,0.1602,0.2628205128205128,0.1696,4,c57,0.5699786324786325,0.001194480757211422,0.6606349206349206,0.009861729883815262,0.28846153846153844,0.009791828408025307
i4_c58.npy,0.2179487179487179,0.1602,0.173076923076923,0.1363,4,c58,0.49786324786324787,0.004777923028845709,0.4946236559139785,0.012021870846773072,0.1762820512820513,0.0048959142040126535
i4_c59.npy,0.2179487179487179,0.1599,0.1602564102564102,0.1648,4,c59,0.5021367521367521,0.0030218238512245512,0.5052287581699346,0.0074162128875230205,0.18162393162393162,0.022410445473721192
i4_c60.npy,0.173076923076923,0.1601,0.1602564102564102,0.1566,4,c60,0.5261752136752137,0.007497686350223412,0.5855799373040752,0.026557725342341677,0.1826923076923077,0.01644744051104771
i4_c61.npy,0.141025641025641,0.16,0.141025641025641,0.158,4,c61,0.4951923076923077,0.0035834422716342655,0.48331707543664065,0.010905951828645722,0.15384615384615383,0.025906742848252437
i4_c62.npy,0.1282051282051282,0.16,0.1346153846153846,0.1384,4,c62,0.5053418803418803,0.0015109119256122756,0.5188577722955721,0.007008308490794169,0.15491452991452992,0.020411296126648295
i4_c63.npy,0.1794871794871795,0.1606,0.1089743589743589,0.132,4,c63,0.4930555555555556,0.0011944807572114426,0.473025246041934,0.0048776358779974455,0.12286324786324788,0.014052293202955028
i4_g.npy,0.1582,0.1581,,,4,g,0.5010333333333333,0.0003869395588747867,0.5030820865322415,0.0012869151648128982,0.17500000000000002,0.014782872972914751
i5_c0.npy,0.1089743589743589,0.1583,0.1987179487179487,0.158,5,c0,0.5395299145299145,0.007086805107597021,0.6134810504733522,0.011597531420065043,0.2126068376068376,0.0204112961266483
i5_c1.npy,0.1794871794871795,0.1585,0.1987179487179487,0.1608,5,c1,0.5202991452991453,0.005753381204203533,0.5526647038743814,0.010811099406022004,0.21153846153846154,0.023406946901930185
i5_c2.npy,0.1602564102564102,0.1583,0.1153846153846153,0.1421,5,c2,0.49572649572649574,0.0030218238512245512,0.48245614035087714,0.012405382126079794,0.13141025641025642,0.02273909898909483
i5_c3.npy,0.1538461538461538,0.1584,0.141025641025641,0.1407,5,c3,0.5026709401709402,0.005368523301880798,0.5103644151263198,0.01764770007253905,0.15170940170940173,0.007086805107597004
i5_c4.npy,0.2051282051282051,0.1583,0.2243589743589743,0.1635,5,c4,0.5186965811965812,0.00597240378605711,0.541692438707364,0.011662616243638782,0.24145299145299146,0.015555790361710497
i5_c5.npy,0.141025641025641,0.1584,0.0961538461538461,0.1544,5,c5,0.46741452991453,0.01020564806332414,0.3821603927986907,0.03077048218021417,0.10576923076923077,0.014687742612037945
i5_c6.npy,0.173076923076923,0.1583,0.141025641025641,0.131,5,c6,0.5058760683760684,0.0028766906021017546,0.5200534759358288,0.00929440891916854,0.15598290598290598,0.012087295404898245
i5_c7.npy,0.1089743589743589,0.1586,0.1217948717948717,0.1346,5,c7,0.4962606837606838,0.00836136530047997,0.48655529284884685,0.026937219087573124,0.13568376068376067,0.014052293202955028
i5_c8.npy,0.1602564102564102,0.1586,0.1153846153846153,0.1466,5,c8,0.49252136752136755,0.0023889615144228643,0.4727657004830918,0.006563262426969298,0.1282051282051282,0.009065471553673687
i5_c9.npy,0.2051282051282051,0.1584,0.141025641025641,0.1453,5,c9,0.4877136752136752,0.004687480976171007,0.4615505335844319,0.01433244474758594,0.15064102564102563,0.01644744051104771
i5_c10.npy,0.1025641025641025,0.1585,0.1538461538461538,0.1332,5,c10,0.4930555555555556,0.0028766906021017733,0.4796491228070175,0.007107609171573556,0.1623931623931624,0.012087295404898245
i5_c11.npy,0.1346153846153846,0.1583,0.1923076923076923,0.1643,5,c11,0.5144230769230769,0.0024479571020063645,0.5381815044858523,0.005288770019229812,0.20299145299145296,0.016824803149597882
i5_c12.npy,0.1282051282051282,0.1584,0.1217948717948717,0.1408,5,c12,0.48985042735042733,0.0028766906021017663,0.4643315606088392,0.00593145305680829,0.13034188034188035,0.016412704589462836
i5_c13.npy,0.1794871794871795,0.1586,0.1282051282051282,0.1324,5,c13,0.5069444444444444,0.001194480757211422,0.5239801048624578,0.0029488842290934774,0.15170940170940173,0.01510911925612281
i5_c14.npy,0.2051282051282051,0.1585,0.1474358974358974,0.1258,5,c14,0.5197649572649572,0.0038889475904276467,0.5708871772928256,0.02050623188737013,0.16452991452991453,0.01682480314959788
i5_c15.npy,0.1474358974358974,0.1583,0.141025641025641,0.1388,5,c15,0.49786324786324787,0.013301174784176011,0.4951497708133461,0.03628851205300341,0.15170940170940173,0.01682480314959789
i5_c16.npy,0.1282051282051282,0.1584,0.141025641025641,0.1643,5,c16,0.5080128205128205,0.005151522842410749,0.527170490328385,0.016182644355454186,0.1623931623931624,0.012087295404898245
i5_c17.npy,0.1346153846153846,0.1584,0.1217948717948717,0.1372,5,c17,0.49412393162393164,0.0028766906021017668,0.47843137254901963,0.009779381050617654,0.13141025641025642,0.01372353907977044
i5_c18.npy,0.1538461538461538,0.1585,0.1923076923076923,0.144,5,c18,0.5293803418803419,0.0038889475904276137,0.586241244135981,0.014314136868901164,0.20085470085470084,0.0030218238512245642
i5_c19.npy,0.1538461538461538,0.1582,0.1602564102564102,0.1481,5,c19,0.5219017094017094,0.00536852330188083,0.5745920745920745,0.023163877522554565,0.17307692307692304,0.009791828408025307
i5_c20.npy,0.1794871794871795,0.1583,0.141025641025641,0.1437,5,c20,0.48183760683760685,0.002388961514422844,0.44977411887694146,0.00863802211298755,0.16452991452991453,0.01510911925612281
i5_c21.npy,0.173076923076923,0.1584,0.141025641025641,0.1494,5,c21,0.4855769230769231,0.0035834422716342655,0.45759765229710586,0.006783722439558529,0.15384615384615385,0.009791828408025297
i5_c22.npy,0.1217948717948717,0.1582,0.1346153846153846,0.1478,5,c22,0.4951923076923077,0.005151522842410768,0.484078127374981,0.015398694037754469,0.1420940170940171,0.011944807572114262
i5_c23.npy,0.1282051282051282,0.1586,0.1987179487179487,0.168,5,c23,0.5096153846153846,0.001850481632018025,0.5246038242595445,0.0043929718210012625,0.2051282051282051,0.009791828408025307
i5_c24.npy,0.1474358974358974,0.1584,0.1346153846153846,0.1192,5,c24,0.5058760683760684,0.005972403786057109,0.5242089470812874,0.02192303551607257,0.1420940170940171,0.010737046603761643
i5_c25.npy,0.1666666666666666,0.1583,0.141025641025641,0.1642,5,c25,0.48824786324786323,0.0030218238512245512,0.46551129604193126,0.006176532421939213,0.15705128205128208,0.018780337426545876
i5_c26.npy,0.1602564102564102,0.1582,0.1282051282051282,0.147,5,c26,0.48878205128205127,0.005151522842410758,0.4624327143313888,0.01531166449312664,0.13888888888888887,0.018749923904684027
i5_c27.npy,0.1602564102564102,0.1585,0.0705128205128205,0.1241,5,c27,0.4780982905982906,0.006520595948575687,0.39360139906817787,0.031227184675649805,0.0844017094017094,0.02041129612664829
i5_c28.npy,0.1282051282051282,0.1584,0.2243589743589743,0.1604,5,c28,0.5112179487179487,0.0035834422716342655,0.5259142541751237,0.008433794443420661,0.22863247863247863,0.009555846057691405
i5_c29.npy,0.141025641025641,0.1584,0.2435897435897435,0.177,5,c29,0.5352564102564102,0.001850481632018025,0.5833222333222334,0.0034067315661977676,0.24679487179487178,0.007166884543268562
i5_c30.npy,0.1602564102564102,0.1583,0.1858974358974359,0.1424,5,c30,0.5202991452991453,0.002388961514422844,0.5527597402597403,0.0055865370367779894,0.21367521367521367,0.021474093207523273
i5_c31.npy,0.173076923076923,0.1587,0.25,0.1426,5,c31,0.5566239316239315,0.002388961514422844,0.6394465894465894,0.016051310610551005,0.2617521367521367,0.016722730600959957
i5_c32.npy,0.2115384615384615,0.1589,0.1602564102564102,0.1593,5,c32,0.49412393162393164,0.005972403786057129,0.48398710678001833,0.014486318798895045,0.16773504273504272,0.010737046603761631
i5_c33.npy,0.1217948717948717,0.1586,0.1153846153846153,0.142,5,c33,0.48023504273504275,0.001194480757211422,0.4342799059780192,0.004612647141686542,0.13141025641025642,0.01372353907977044
i5_c34.npy,0.1923076923076923,0.1585,0.1538461538461538,0.1638,5,c34,0.4791666666666667,0.0024479571020063163,0.44478090588371105,0.009311971077640466,0.16987179487179485,0.01468774261203794
i5_c35.npy,0.1282051282051282,0.1583,0.2115384615384615,0.2031,5,c35,0.5010683760683761,0.0030218238512245512,0.5027807872878295,0.0069459387678851734,0.21581196581196582,0.0060436477024491285
i5_c36.npy,0.1602564102564102,0.1585,0.1025641025641025,0.1398,5,c36,0.4935897435897436,0.004895914204012656,0.4712107065048241,0.02079091117150798,0.11965811965811964,0.02528239223546844
i5_c37.npy,0.1538461538461538,0.1584,0.1346153846153846,0.1344,5,c37,0.5138888888888888,0.005753381204203547,0.548968253968254,0.018382055782875235,0.155982905982906,0.012641196117734219
i5_c38.npy,0.1987179487179487,0.1583,0.2115384615384615,0.1511,5,c38,0.5395299145299145,0.004777923028845688,0.6052545389511609,0.017960707563913512,0.2297008547008547,0.009374961952342008
i5_c39.npy,0.1666666666666666,0.1585,0.141025641025641,0.1177,5,c39,0.5219017094017093,0.009864415231100106,0.5907407407407408,0.04078280656582453,0.14636752136752137,0.01194480757211426
i5_c40.npy,0.1602564102564102,0.1583,0.1923076923076923,0.1664,5,c40,0.530982905982906,0.0015109119256122756,0.5871521238752878,0.007693984645679087,0.2094017094017094,0.0060436477024491285
i5_c41.npy,0.1858974358974359,0.1583,0.2051282051282051,0.1867,5,c41,0.4967948717948718,0.00489591420401265,0.4934772829509672,0.0100134184838291,0.22863247863247863,0.007086805107597005
i5_c42.npy,0.1282051282051282,0.1585,0.1153846153846153,0.1665,5,c42,0.46688034188034194,0.005753381204203528,0.3984050179211469,0.010170823251385545,0.12927350427350429,0.011944807572114266
i5_c43.npy,0.141025641025641,0.1587,0.1538461538461538,0.1487,5,c43,0.48023504273504275,0.005368523301880824,0.44589600904269194,0.010007373087920969,0.16025641025641024,0.00906547155367368
i5_c44.npy,0.2051282051282051,0.1584,0.1923076923076923,0.1768,5,c44,0.5363247863247863,0.0030218238512245512,0.6038327991452992,0.01640577575722811,0.21367521367521367,0.012641196117734226
i5_c45.npy,0.1538461538461538,0.1585,0.1602564102564102,0.1545,5,c45,0.5042735042735043,0.009555846057691416,0.5104166666666666,0.023292374765622806,0.1762820512820513,0.026104255818099605
i5_c46.npy,0.173076923076923,0.1583,0.1217948717948717,0.1513,5,c46,0.4743589743589744,0.009252408160090165,0.4201581027667984,0.021337773002179677,0.1314102564102564,0.0048959142040126535
i5_c47.npy,0.0961538461538461,0.1584,0.1217948717948717,0.1456,5,c47,0.46848290598290604,0.0046874809761710086,0.40345240973565444,0.011619023938759918,0.13247863247863248,0.01874992390468402
i5_c48.npy,0.1538461538461538,0.1586,0.1217948717948717,0.1438,5,c48,0.4861111111111111,0.004777923028845708,0.4518915028563717,0.017385559935238673,0.13247863247863248,0.015555790361710517
i5_c49.npy,0.1538461538461538,0.1583,0.1538461538461538,0.1513,5,c49,0.48717948717948717,0.001850481632018025,0.4657342825822462,0.003997139230856205,0.1741452991452991,0.01194480757211426
i5_c50.npy,0.1666666666666666,0.1581,0.1794871794871795,0.1578,5,c50,0.5021367521367521,0.013041191897151392,0.5055955918348759,0.030060507981305346,0.19658119658119658,0.02115276695857193
i5_c51.npy,0.1346153846153846,0.1583,0.1474358974358974,0.1788,5,c51,0.49946581196581197,0.001194480757211422,0.49842767295597484,0.0035158301533015556,0.15918803418803418,0.007777895180855248
i5_c52.npy,0.2435897435897435,0.1583,0.1153846153846153,0.1128,5,c52,0.46848290598290604,0.0038889475904276137,0.40098502758077226,0.005628292789579196,0.12713675213675213,0.0077778951808552535
i5_c53.npy,0.0769230769230769,0.1584,0.0833333333333333,0.1151,5,c53,0.4829059829059829,0.0035434025537984916,0.425672594619243,0.02078288105922841,0.10149572649572651,0.016722730600959964
i5_c54.npy,0.1666666666666666,0.1586,0.141025641025641,0.1283,5,c54,0.5101495726495726,0.001194480757211422,0.5362366491311972,0.0035718937849201554,0.15064102564102563,0.013723539079770433
i5_c55.npy,0.1858974358974359,0.1584,0.1666666666666666,0.1424,5,c55,0.4898504273504274,0.008361365300479994,0.4752796055612957,0.01736182570782048,0.186965811965812,0.021711967342843568
i5_c56.npy,0.1858974358974359,0.1584,0.1538461538461538,0.1383,5,c56,0.5064102564102564,0.00370096326403605,0.5214371980676329,0.01203570738405479,0.1581196581196581,0.0060436477024491154
i5_c57.npy,0.2115384615384615,0.1585,0.1282051282051282,0.1458,5,c57,0.49091880341880345,0.004687480976171007,0.4692743764172336,0.015183010386017623,0.14209401709401706,0.014052293202955028
i5_c58.npy,0.2435897435897435,0.1585,0.1282051282051282,0.1398,5,c58,0.4866452991452992,0.0046874809761710025,0.4543094317030487,0.016345579792709754,0.13568376068376067,0.01672273060095997
i5_c59.npy,0.1923076923076923,0.1585,0.1217948717948717,0.1247,5,c59,0.4914529914529915,0.004777923028845708,0.47211199294532635,0.011647328438747384,0.13995726495726493,0.01672273060095997
i5_c60.npy,0.1153846153846153,0.1585,0.1089743589743589,0.1316,5,c60,0.4914529914529915,0.003543402553798514,0.4674933311483171,0.009981695903480482,0.11965811965811968,0.007086805107597003
i5_c61.npy,0.1346153846153846,0.1587,0.141025641025641,0.1497,5,c61,0.4877136752136752,0.0028766906021017737,0.46156004489337815,0.009015863643692269,0.1485042735042735,0.010737046603761636
i5_c62.npy,0.1346153846153846,0.1587,0.1602564102564102,0.1486,5,c62,0.5090811965811965,0.0028766906021017546,0.5278225325217808,0.008721001587603774,0.1741452991452991,0.010737046603761643
i5_c63.npy,0.1538461538461538,0.1584,0.141025641025641,0.1267,5,c63,0.5090811965811965,0.001194480757211422,0.5325794472567368,0.0060616039000668245,0.15064102564102566,0.014687742612037952
i5_g.npy,0.1614,0.1598,,,5,g,0.5013000000000001,0.0005082650227325658,0.5037715169899999,0.0014653394177605158,0.17716666666666667,0.01343759237694346
i6_c0.npy,0.1217948717948717,0.16,0.1794871794871795,0.1597,6,c0,0.5080128205128205,0.0024479571020063163,0.5229222167898918,0.00794513447037597,0.18696581196581197,0.010737046603761631
i6_c1.npy,0.1602564102564102,0.1599,0.1282051282051282,0.1583,6,c1,0.4877136752136752,0.001194480757211422,0.4615688712846966,0.0073332034127883295,0.1517094017094017,0.024456246030469232
i6_c2.npy,0.141025641025641,0.1598,0.1666666666666666,0.1548,6,c2,0.5016025641025641,0.0024479571020063163,0.5040165960451978,0.006043740635764787,0.1826923076923077,0.014687742612037952
i6_c3.npy,0.1602564102564102,0.1598,0.0961538461538461,0.1422,6,c3,0.46527777777777785,0.010535834894933776,0.3854304761633238,0.019135737320410146,0.11538461538461538,0.0195836568160506
i6_c4.npy,0.1923076923076923,0.1599,0.141025641025641,0.1602,6,c4,0.5037393162393162,0.005972403786057129,0.5147589338765809,0.019757689430697684,0.14423076923076922,0.0048959142040126535
i6_c5.npy,0.1538461538461538,0.1597,0.1153846153846153,0.1213,6,c5,0.5048076923076923,0.0035834422716342655,0.5185432359807938,0.011230534839137005,0.12927350427350429,0.019728830462200204
i6_c6.npy,0.2115384615384615,0.16,0.1602564102564102,0.1404,6,c6,0.5224358974358975,0.00370096326403605,0.5728713818088197,0.01150202318784133,0.1773504273504273,0.01682480314959789
i6_c7.npy,0.1474358974358974,0.1601,0.1282051282051282,0.1626,6,c7,0.49572649572649574,0.0023889615144228643,0.486505947408203,0.005743612190684119,0.1485042735042735,0.011944807572114262
i6_c8.npy,0.141025641025641,0.1599,0.0705128205128205,0.1201,6,c8,0.4647435897435898,0.001850481632018025,0.35406746031746034,0.019393001678681594,0.08760683760683761,0.016824803149597885
i6_c9.npy,0.1923076923076923,0.1601,0.1153846153846153,0.1462,6,c9,0.49893162393162394,0.003997497208091823,0.49570119802677937,0.014075039512127647,0.13247863247863248,0.021152766958571934
i6_c10.npy,0.1089743589743589,0.1599,0.1474358974358974,0.1612,6,c10,0.4887820512820513,0.0024479571020063345,0.4657427889828671,0.008726615576325055,0.15491452991452992,0.011944807572114262
i6_c11.npy,0.1025641025641025,0.16,0.1025641025641025,0.1242,6,c11,0.4877136752136752,0.0038889475904276133,0.4517526455026455,0.007882102433533244,0.11217948717948717,0.013723539079770435
i6_c12.npy,0.1474358974358974,0.16,0.0961538461538461,0.1356,6,c12,0.5026709401709402,0.0038889475904276137,0.5101999184006528,0.01463537238611621,0.11004273504273504,0.020411296126648288
i6_c13.npy,0.173076923076923,0.1601,0.1025641025641025,0.1169,6,c13,0.49038461538461536,0.007166884543268552,0.45950446493924746,0.028615954020638247,0.11538461538461538,0.018504816320180313
i6_c14.npy,0.2179487179487179,0.16,0.1282051282051282,0.1433,6,c14,0.4748931623931624,0.0028766906021017737,0.42475620008406895,0.008172221984967412,0.1420940170940171,0.011944807572114262
i6_c15.npy,0.1282051282051282,0.1599,0.1282051282051282,0.1534,6,c15,0.5016025641025641,0.0024479571020063163,0.5044784580498866,0.006602544215629571,0.14529914529914528,0.026602349568351995
i6_c16.npy,0.1794871794871795,0.1601,0.1346153846153846,0.1455,6,c16,0.5096153846153846,0.004895914204012633,0.5348324514991182,0.018856617972083885,0.15384615384615388,0.011703473450965087
i6_c17.npy,0.1474358974358974,0.1599,0.2243589743589743,0.1769,6,c17,0.531517094017094,0.00597240378605711,0.5759474118542464,0.010242934478524889,0.2382478632478632,0.02041129612664829
i6_c18.npy,0.1538461538461538,0.1597,0.1282051282051282,0.1182,6,c18,0.5074786324786325,0.008412401574798932,0.5318197454420365,0.03153443618024136,0.14316239316239313,0.012641196117734222
i6_c19.npy,0.1474358974358974,0.16,0.1602564102564102,0.1481,6,c19,0.5213675213675213,0.006320598058867123,0.5767124459846832,0.027007596986043866,0.1655982905982906,0.007777895180855248
i6_c20.npy,0.1602564102564102,0.1602,0.1346153846153846,0.1399,6,c20,0.532051282051282,0.0,0.6469298245614036,0.013316839694617461,0.14209401709401706,0.010737046603761643
i6_c21.npy,0.2051282051282051,0.16,0.1025641025641025,0.1496,6,c21,0.47702991452991456,0.005972403786057129,0.41363636363636364,0.026633933077646877,0.11538461538461538,0.02340694690193017
i6_c22.npy,0.1474358974358974,0.1599,0.1089743589743589,0.127,6,c22,0.4930555555555556,0.0028766906021017737,0.4731073331297295,0.01008364185385588,0.12286324786324787,0.011944807572114259
i6_c23.npy,0.1666666666666666,0.1601,0.1025641025641025,0.1388,6,c23,0.4935897435897436,0.008679528210081163,0.474025974025974,0.031466035335290805,0.11004273504273503,0.014052293202955028
i6_c24.npy,0.1346153846153846,0.1601,0.141025641025641,0.1431,6,c24,0.5090811965811965,0.0028766906021017546,0.5318342453260374,0.010158812923748263,0.15384615384615385,0.00906547155367368
i6_c25.npy,0.173076923076923,0.1599,0.141025641025641,0.1219,6,c25,0.484508547008547,0.0038889475904276133,0.455430402930403,0.006462872755593131,0.155982905982906,0.014173610215194019
i6_c26.npy,0.1602564102564102,0.16,0.1858974358974359,0.1546,6,c26,0.5357905982905983,0.0028766906021017546,0.6144800769951312,0.008448772079838027,0.1923076923076923,0.009791828408025295
i6_c27.npy,0.1538461538461538,0.1597,0.1602564102564102,0.1562,6,c27,0.49252136752136755,0.0015109119256123018,0.4798246170483345,0.0024278601183031095,0.17628205128205124,0.01468774261203795
i6_c28.npy,0.1346153846153846,0.16,0.1346153846153846,0.1644,6,c28,0.5026709401709402,0.0028766906021017546,0.5090274481885778,0.008896298770095226,0.15064102564102563,0.01644744051104771
i6_c29.npy,0.1474358974358974,0.1598,0.1282051282051282,0.1505,6,c29,0.4807692307692308,0.003700963264036066,0.439754062362758,0.009209497684641329,0.14102564102564102,0.021260415322791028
i6_c30.npy,0.1089743589743589,0.16,0.1025641025641025,0.1041,6,c30,0.5149572649572649,0.001510911925612328,0.5803042464549173,0.01747002926380209,0.1111111111111111,0.012641196117734222
i6_c31.npy,0.1923076923076923,0.16,0.1666666666666666,0.1645,6,c31,0.49091880341880345,0.00468748097617101,0.4747963431968887,0.012125377289544595,0.1688034188034188,0.004777923028845708
i6_c32.npy,0.2371794871794871,0.16,0.173076923076923,0.1747,6,c32,0.4935897435897436,0.00555144489605409,0.4835571835571835,0.013679603971897084,0.19017094017094016,0.009555846057691405
i6_c33.npy,0.1153846153846153,0.1599,0.0897435897435897,0.1359,6,c33,0.4951923076923077,0.0024479571020063163,0.4757452574525745,0.013312965031616174,0.10256410256410257,0.018130943107347367
i6_c34.npy,0.1538461538461538,0.1599,0.1025641025641025,0.1496,6,c34,0.46741452991453,0.001194480757211422,0.3921349118717539,0.008162397167967995,0.11965811965811964,0.015555790361710509
i6_c35.npy,0.173076923076923,0.1599,0.1474358974358974,0.1339,6,c35,0.4951923076923077,0.002447957102006334,0.4849194208810396,0.007025403408798191,0.15170940170940173,0.007086805107597004
i6_c36.npy,0.1666666666666666,0.1601,0.1153846153846153,0.1509,6,c36,0.44711538461538464,0.002447957102006334,0.35602052268718937,0.005910089184084185,0.13141025641025642,0.01372353907977044
i6_c37.npy,0.1987179487179487,0.1602,0.1666666666666666,0.1538,6,c37,0.5016025641025641,0.008630071806305315,0.5035067873303167,0.020021346176954568,0.19230769230769232,0.02126041532279102
i6_c38.npy,0.1602564102564102,0.16,0.1282051282051282,0.1453,6,c38,0.4861111111111111,0.002388961514422844,0.4535331765935214,0.00821360037860893,0.13675213675213674,0.01641270458946284
i6_c39.npy,0.1474358974358974,0.16,0.1474358974358974,0.1758,6,c39,0.47061965811965817,0.002876690602101755,0.42001055638350726,0.00839422455117371,0.15491452991452992,0.011944807572114262
i6_c40.npy,0.1794871794871795,0.1599,0.141025641025641,0.1389,6,c40,0.4855769230769231,0.0035834422716342655,0.4574939467312349,0.007681433492418551,0.15384615384615385,0.00906547155367368
i6_c41.npy,0.1923076923076923,0.1599,0.0641025641025641,0.122,6,c41,0.47329059829059833,0.00755455962806141,0.3657128779079999,0.02679404562847067,0.07264957264957266,0.012087295404898252
i6_c42.npy,0.1282051282051282,0.1599,0.1217948717948717,0.1453,6,c42,0.5032051282051282,0.00370096326403605,0.512898973731287,0.012602789339312314,0.13995726495726496,0.01902189510124451
i6_c43.npy,0.1538461538461538,0.16,0.1602564102564102,0.1711,6,c43,0.4898504273504274,0.003888947590427639,0.47396588164251213,0.010602225665946412,0.18910256410256412,0.01468774261203795
i6_c44.npy,0.2051282051282051,0.16,0.1666666666666666,0.1343,6,c44,0.516025641025641,0.008679528210081163,0.5492399403874814,0.025720752454458474,0.18482905982905984,0.007777895180855252
i6_c45.npy,0.173076923076923,0.1599,0.1089743589743589,0.1496,6,c45,0.5026709401709402,0.008361365300479973,0.5145304736981834,0.030384379438649807,0.12393162393162395,0.012641196117734219
i6_c46.npy,0.1858974358974359,0.16,0.0961538461538461,0.1376,6,c46,0.4748931623931624,0.003888947590427639,0.4074786324786324,0.004082259225329644,0.11004273504273503,0.01194480757211426
i6_c47.npy,0.1346153846153846,0.1599,0.1666666666666666,0.1536,6,c47,0.5058760683760684,0.0028766906021017546,0.5180503144654088,0.00862277683630142,0.1741452991452991,0.01194480757211426
i6_c48.npy,0.1666666666666666,0.1601,0.141025641025641,0.1595,6,c48,0.49732905982905984,0.0046874809761710025,0.49151936026936033,0.01437665404813616,0.1485042735042735,0.010737046603761636
i6_c49.npy,0.1538461538461538,0.1598,0.1794871794871795,0.1305,6,c49,0.5325854700854701,0.004687480976170989,0.6046458860288648,0.019859912868352175,0.19017094017094016,0.0060436477024491154
i6_c50.npy,0.1666666666666666,0.1599,0.1474358974358974,0.1542,6,c50,0.5106837606837606,0.0035434025537984916,0.5373482726423903,0.01507726915215236,0.16132478632478633,0.02352854224951414
i6_c51.npy,0.173076923076923,0.1597,0.1217948717948717,0.1556,6,c51,0.4935897435897436,0.008679528210081163,0.47996515679442514,0.02341137601080284,0.1346153846153846,0.009791828408025307
i6_c52.npy,0.1923076923076923,0.1598,0.1346153846153846,0.1388,6,c52,0.4898504273504274,0.008361365300479994,0.4666687991811145,0.02624103978523882,0.141025641025641,0.017359056420162312
i6_c53.npy,0.1217948717948717,0.16,0.2115384615384615,0.166,6,c53,0.5336538461538461,0.005151522842410749,0.5884473852180901,0.018113420125543307,0.22756410256410256,0.014687742612037938
i6_c54.npy,0.1987179487179487,0.16,0.1025641025641025,0.1177,6,c54,0.516559829059829,0.005972403786057155,0.5798006194347657,0.014084125156424997,0.1175213675213675,0.022410445473721192
i6_c55.npy,0.1858974358974359,0.1599,0.1474358974358974,0.1798,6,c55,0.5144230769230769,0.0024479571020063645,0.5483085669255882,0.01030730987041796,0.1655982905982906,0.011944807572114259
i6_c56.npy,0.1858974358974359,0.16,0.141025641025641,0.132,6,c56,0.48611111111111116,0.010737046603761648,0.4597135955831608,0.026453979360360317,0.14636752136752137,0.007777895180855261
i6_c57.npy,0.141025641025641,0.1601,0.141025641025641,0.1399,6,c57,0.516559829059829,0.005972403786057155,0.55610661268556,0.010593845895838398,0.16025641025641027,0.028185696492036155
i6_c58.npy,0.2435897435897435,0.1599,0.1346153846153846,0.1407,6,c58,0.4967948717948718,0.004532735776836853,0.4903810580836108,0.013607010678211608,0.14209401709401706,0.010737046603761643
i6_c59.npy,0.1858974358974359,0.1597,0.1794871794871795,0.1705,6,c59,0.49732905982905984,0.00388894759042763,0.4937028657616893,0.009227530879429418,0.18803418803418803,0.01264119611773422
i6_c60.npy,0.1666666666666666,0.16,0.0833333333333333,0.1288,6,c60,0.4599358974358975,0.0035834422716342863,0.3454171142141067,0.005532960780710916,0.08974358974358974,0.009791828408025303
i6_c61.npy,0.1217948717948717,0.1602,0.1217948717948717,0.1531,6,c61,0.47222222222222227,0.0015109119256122756,0.41223858883433345,0.011671818725112436,0.13247863247863248,0.016824803149597885
i6_c62.npy,0.1282051282051282,0.1599,0.1666666666666666,0.1564,6,c62,0.5058760683760684,0.001194480757211422,0.5176262626262625,0.004006486425307852,0.1741452991452991,0.01194480757211426
i6_c63.npy,0.1346153846153846,0.1599,0.141025641025641,0.1525,6,c63,0.4626068376068377,0.002388961514422844,0.39807458022141,0.007984294111028804,0.14636752136752137,0.007777895180855261
i6_g.npy,0.1558,0.1555,,,6,g,0.5005166666666666,0.000128019095797837,0.5014984803853819,0.0002573934324559993,0.17145,0.014946766651464573
i7_c0.npy,0.1217948717948717,0.1554,0.1474358974358974,0.1693,7,c0,0.483974358974359,0.001850481632018025,0.4563131313131313,0.006211299937499427,0.1688034188034188,0.014173610215194006
i7_c1.npy,0.1217948717948717,0.1554,0.1025641025641025,0.1153,7,c1,0.4983974358974359,0.007343871306018948,0.49,0.026488603031020342,0.12606837606837606,0.025282392235468444
i7_c2.npy,0.1217948717948717,0.1553,0.1474358974358974,0.1734,7,c2,0.4748931623931624,0.004687480976171007,0.4327211866932618,0.013817050186056275,0.16346153846153846,0.016447440511047698
i7_c3.npy,0.1666666666666666,0.1556,0.1538461538461538,0.1423,7,c3,0.5032051282051282,0.004532735776836827,0.5114926464765046,0.014498142113274829,0.16132478632478633,0.014052293202955028
i7_c4.npy,0.1602564102564102,0.1555,0.1089743589743589,0.1481,7,c4,0.4967948717948718,0.005851736725482524,0.485546522131888,0.023523788003613,0.1175213675213675,0.012641196117734219
i7_c5.npy,0.1346153846153846,0.1555,0.1153846153846153,0.1527,7,c5,0.4764957264957265,0.003997497208091823,0.4246438746438746,0.008155814933504056,0.13247863247863248,0.015555790361710516
i7_c6.npy,0.1538461538461538,0.1553,0.1282051282051282,0.147,7,c6,0.5069444444444444,0.001194480757211422,0.52648619699109,0.002947358784696434,0.1378205128205128,0.013723539079770447
i7_c7.npy,0.173076923076923,0.1555,0.1217948717948717,0.1337,7,c7,0.514957264957265,0.003997497208091842,0.5631493506493507,0.017102049932083054,0.1346153846153846,0.011703473450965096
i7_c8.npy,0.1666666666666666,0.1554,0.25,0.1758,7,c8,0.5251068376068375,0.005972403786057148,0.552736688637123,0.01398749207728439,0.266025641025641,0.00489591420401265
i7_c9.npy,0.2051282051282051,0.1553,0.1858974358974359,0.1636,7,c9,0.5048076923076923,0.0024479571020063163,0.5120750594434805,0.005316180636476406,0.1987179487179487,0.018504816320180313
i7_c10.npy,0.0961538461538461,0.1556,0.1089743589743589,0.148,7,c10,0.4759615384615385,0.0024479571020063406,0.41664261664261665,0.016963026003287685,0.12393162393162394,0.021152766958571937
i7_c11.npy,0.1282051282051282,0.1554,0.0961538461538461,0.1197,7,c11,0.4903846153846154,0.004532735776836853,0.45721234230126157,0.022684259008337895,0.11324786324786325,0.025282392235468444
i7_c12.npy,0.141025641025641,0.1556,0.0576923076923076,0.1145,7,c12,0.48717948717948717,0.0,0.4178661616161617,0.012468234559197251,0.0673076923076923,0.013723539079770433
i7_c13.npy,0.1602564102564102,0.1555,0.1538461538461538,0.1376,7,c13,0.516559829059829,0.003888947590427664,0.5573009506833037,0.015789293003366702,0.16346153846153846,0.004895914204012641
i7_c14.npy,0.1987179487179487,0.1553,0.1602564102564102,0.1746,7,c14,0.49946581196581197,0.0028766906021017546,0.4988578216374269,0.0072256481759476006,0.17521367521367517,0.012641196117734222
i7_c15.npy,0.1282051282051282,0.1555,0.1794871794871795,0.1434,7,c15,0.5299145299145299,0.002388961514422844,0.5925309951805335,0.004597164705569145,0.19230769230769232,0.02126041532279102
i7_c16.npy,0.1794871794871795,0.1554,0.1666666666666666,0.1749,7,c16,0.5256410256410257,0.001850481632018025,0.5801484435582144,0.009484290368917013,0.18696581196581197,0.011944807572114262
i7_c17.npy,0.1346153846153846,0.1555,0.0961538461538461,0.1282,7,c17,0.4727564102564103,0.005151522842410768,0.40020992490315316,0.021813895154656655,0.1111111111111111,0.014173610215194019
i7_c18.npy,0.1923076923076923,0.1554,0.1217948717948717,0.1854,7,c18,0.46741452991453,0.002876690602101755,0.4019410106267621,0.006015598633903816,0.13354700854700854,0.007777895180855261
i7_c19.npy,0.1217948717948717,0.1553,0.1346153846153846,0.1328,7,c19,0.48717948717948717,0.001850481632018025,0.4588025904488416,0.0052725401042025685,0.14316239316239315,0.012641196117734226
i7_c20.npy,0.1794871794871795,0.1552,0.1346153846153846,0.1413,7,c20,0.49893162393162394,0.0063205980588670885,0.4956821279495698,0.01926627563137531,0.1485042735042735,0.019728830462200204
i7_c21.npy,0.2115384615384615,0.1554,0.1474358974358974,0.1412,7,c21,0.4951923076923077,0.005151522842410769,0.4858456545257843,0.013204050048285584,0.15384615384615385,0.009791828408025297
i7_c22.npy,0.173076923076923,0.1553,0.1153846153846153,0.1601,7,c22,0.4967948717948718,0.003700963264036066,0.48812309680704197,0.011944867094825628,0.1378205128205128,0.01644744051104771
i7_c23.npy,0.1666666666666666,0.1555,0.141025641025641,0.1298,7,c23,0.5032051282051282,0.0,0.5108394165436728,0.0011194826704313964,0.1527777777777778,0.016722730600959967
i7_c24.npy,0.141025641025641,0.1556,0.141025641025641,0.1537,7,c24,0.49145299145299143,0.003997497208091823,0.4750158127767236,0.01122150221328917,0.16773504273504272,0.020411296126648285
i7_c25.npy,0.1474358974358974,0.1554,0.1602564102564102,0.1409,7,c25,0.516025641025641,0.0018504816320180568,0.5520434227330778,0.007853367737068252,0.17200854700854704,0.016722730600959957
i7_c26.npy,0.141025641025641,0.1554,0.1346153846153846,0.1272,7,c26,0.5096153846153846,0.005551444896054106,0.5336495031616982,0.016566237520409498,0.1527777777777778,0.01902189510124451
i7_c27.npy,0.1474358974358974,0.1555,0.1153846153846153,0.1522,7,c27,0.47008547008547014,0.0015109119256122756,0.40866299775874243,0.007355687535804963,0.13568376068376067,0.021711967342843565
i7_c28.npy,0.1282051282051282,0.1553,0.1282051282051282,0.1302,7,c28,0.49893162393162394,0.006320598058867106,0.49781468531468526,0.021914411662235588,0.1314102564102564,0.0048959142040126535
i7_c29.npy,0.1987179487179487,0.1556,0.1538461538461538,0.1615,7,c29,0.48985042735042733,0.0046874809761710086,0.47039072039072044,0.014281669798888369,0.16773504273504272,0.019728830462200194
i7_c30.npy,0.1217948717948717,0.1555,0.1153846153846153,0.1351,7,c30,0.48344017094017094,0.001194480757211422,0.4413571692535107,0.0059241884848279126,0.1260683760683761,0.01682480314959789
i7_c31.npy,0.1858974358974359,0.1554,0.1666666666666666,0.1373,7,c31,0.5037393162393162,0.004687480976170989,0.5109603228264485,0.012354110342003413,0.17735042735042736,0.01510911925612281
i7_c32.npy,0.2051282051282051,0.1554,0.1346153846153846,0.1276,7,c32,0.49786324786324787,0.003997497208091803,0.49210917312661495,0.012918138203979142,0.1420940170940171,0.011944807572114262
i7_c33.npy,0.0961538461538461,0.1556,0.1538461538461538,0.1458,7,c33,0.5032051282051282,0.001850481632018025,0.509490893131446,0.004764040561853077,0.17094017094017092,0.016824803149597882
i7_c34.npy,0.1538461538461538,0.1556,0.1025641025641025,0.1586,7,c34,0.483974358974359,0.001850481632018025,0.43787162162162163,0.01006762425160897,0.11538461538461536,0.018504816320180313
i7_c35.npy,0.1858974358974359,0.1554,0.1474358974358974,0.153,7,c35,0.5016025641025641,0.005151522842410749,0.5035743464052288,0.012884251787721115,0.16132478632478633,0.025752074344431514
i7_c36.npy,0.1666666666666666,0.1556,0.173076923076923,0.1701,7,c36,0.5026709401709402,0.005368523301880798,0.5081900645119036,0.014864476279507887,0.18376068376068377,0.009555846057691405
i7_c37.npy,0.1858974358974359,0.1555,0.1987179487179487,0.1687,7,c37,0.5170940170940171,0.002388961514422844,0.5437856563252091,0.003814248599580728,0.21153846153846148,0.011703473450965087
i7_c38.npy,0.1346153846153846,0.1555,0.1217948717948717,0.1423,7,c38,0.5154914529914529,0.006520595948575708,0.5613108483136234,0.023741644414273528,0.1442307692307692,0.01468774261203795
i7_c39.npy,0.1282051282051282,0.1554,0.141025641025641,0.1362,7,c39,0.4775641025641026,0.00555144489605409,0.4377930245854775,0.013391569977146942,0.15811965811965814,0.01510911925612281
i7_c40.npy,0.1666666666666666,0.1554,0.1538461538461538,0.1304,7,c40,0.5144230769230769,0.0024479571020063645,0.5456394129979035,0.006729282177181484,0.17200854700854698,0.007777895180855261
i7_c41.npy,0.141025641025641,0.1554,0.2307692307692307,0.1735,7,c41,0.5475427350427351,0.0011944807572114634,0.6202296336796064,0.010430309899912378,0.2467948717948718,0.018780337426545876
i7_c42.npy,0.1282051282051282,0.1556,0.1474358974358974,0.1196,7,c42,0.5032051282051282,0.0,0.509930101419463,0.0010555273250100537,0.16666666666666666,0.019583656816050593
i7_c43.npy,0.1474358974358974,0.1555,0.0961538461538461,0.14,7,c43,0.4813034188034188,0.0046874809761710086,0.4359341876285398,0.012438100178647313,0.12606837606837606,0.0070868051075970075
i7_c44.npy,0.1987179487179487,0.1556,0.2243589743589743,0.164,7,c44,0.5256410256410257,0.0,0.5607298474945533,0.0026752291264145467,0.2371794871794872,0.009791828408025284
i7_c45.npy,0.1858974358974359,0.1554,0.0641025641025641,0.1231,7,c45,0.4887820512820513,0.0073438713060189915,0.4399171899171899,0.024206932906981733,0.07478632478632478,0.01555579036171051
i7_c46.npy,0.173076923076923,0.1556,0.1217948717948717,0.1478,7,c46,0.4813034188034188,0.001194480757211422,0.4400184711565786,0.007410034333112982,0.1388888888888889,0.01682480314959789
i7_c47.npy,0.0705128205128205,0.1556,0.1153846153846153,0.1816,7,c47,0.4647435897435898,0.003700963264036066,0.391719471777171,0.016669521240869952,0.13034188034188035,0.02241044547372118
i7_c48.npy,0.1346153846153846,0.1555,0.1153846153846153,0.1538,7,c48,0.48023504273504275,0.010535834894933774,0.4308063687724705,0.03652195245770565,0.13247863247863248,0.028347220430388034
i7_c49.npy,0.1474358974358974,0.1554,0.282051282051282,0.1996,7,c49,0.5432692307692307,0.00515152284241079,0.5876023391812865,0.006219759438740727,0.28952991452991456,0.01672273060095997
i7_c50.npy,0.1474358974358974,0.1554,0.1217948717948717,0.127,7,c50,0.49786324786324787,0.002388961514422844,0.491869918699187,0.008231456228043573,0.1378205128205128,0.013723539079770447
i7_c51.npy,0.1794871794871795,0.1556,0.141025641025641,0.1334,7,c51,0.5122863247863247,0.0038889475904276645,0.5425147513886487,0.008413142084016115,0.15384615384615383,0.0195836568160506
i7_c52.npy,0.2115384615384615,0.1554,0.1794871794871795,0.1739,7,c52,0.5245726495726496,0.003997497208091803,0.5738002980625931,0.014691079593398363,0.19337606837606836,0.010737046603761631
i7_c53.npy,0.1474358974358974,0.1555,0.0897435897435897,0.1378,7,c53,0.48824786324786323,0.0023889615144228643,0.45354864433811803,0.010928604524454348,0.11645299145299144,0.010737046603761631
i7_c54.npy,0.1987179487179487,0.1555,0.141025641025641,0.1465,7,c54,0.516559829059829,0.006520595948575701,0.5607742584213172,0.02025240358638426,0.15384615384615385,0.0195836568160506
i7_c55.npy,0.1602564102564102,0.1555,0.1794871794871795,0.1567,7,c55,0.5395299145299145,0.005753381204203547,0.6342424242424242,0.017578369711846287,0.18696581196581197,0.011944807572114262
i7_c56.npy,0.1923076923076923,0.1554,0.1474358974358974,0.1537,7,c56,0.4877136752136752,0.0028766906021017737,0.464871654526827,0.008011709611536771,0.16346153846153846,0.013723539079770433
i7_c57.npy,0.141025641025641,0.1556,0.1538461538461538,0.143,7,c57,0.531517094017094,0.0028766906021017546,0.6217155979680933,0.01642849495546035,0.1623931623931624,0.012641196117734219
i7_c58.npy,0.2435897435897435,0.1554,0.141025641025641,0.1353,7,c58,0.49893162393162394,0.0030218238512245512,0.49548767095936913,0.00934209364914148,0.15705128205128205,0.024479571020063248
i7_c59.npy,0.1923076923076923,0.1555,0.1474358974358974,0.1729,7,c59,0.5,0.001850481632018025,0.5001103387399316,0.00525790435159732,0.15705128205128208,0.013723539079770435
i7_c60.npy,0.1538461538461538,0.1555,0.1794871794871795,0.1736,7,c60,0.4967948717948718,0.004895914204012633,0.49103099965168934,0.012489804175081862,0.1901709401709402,0.015555790361710507
i7_c61.npy,0.141025641025641,0.1554,0.173076923076923,0.143,7,c61,0.530448717948718,0.006861769539885195,0.595163222521713,0.021490801095063843,0.19123931623931623,0.01194480757211426
i7_c62.npy,0.1089743589743589,0.1557,0.141025641025641,0.1467,7,c62,0.47222222222222227,0.0015109119256122756,0.4264533883728931,0.007966340527157762,0.1623931623931624,0.014173610215194015
i7_c63.npy,0.1346153846153846,0.1555,0.173076923076923,0.1479,7,c63,0.4967948717948718,0.003700963264036066,0.4910848143781836,0.009256197540834767,0.1826923076923077,0.01644744051104771
i7_g.npy,0.1656,0.1639,,,7,g,0.5013666666666667,0.00047140452079101646,0.5037825429656011,0.0011723331911846074,0.18269999999999997,0.015185299909232402
i8_c0.npy,0.1282051282051282,0.1642,0.1602564102564102,0.1334,8,c0,0.5192307692307692,0.003700963264036082,0.562251154642459,0.01261391398190158,0.17521367521367523,0.012087295404898257
i8_c1.npy,0.1474358974358974,0.1642,0.1346153846153846,0.155,8,c1,0.5117521367521367,0.0030218238512246037,0.5384878954866666,0.005446258307266537,0.1623931623931624,0.022410445473721185
i8_c2.npy,0.1346153846153846,0.1642,0.1153846153846153,0.1455,8,c2,0.49252136752136755,0.0015109119256123018,0.47362821948488243,0.002525086301622246,0.13354700854700854,0.019021895101244503
i8_c3.npy,0.1858974358974359,0.1643,0.141025641025641,0.1399,8,c3,0.5090811965811965,0.0046874809761710285,0.5318446219067338,0.015130056708889238,0.14957264957264957,0.012087295404898245
i8_c4.npy,0.173076923076923,0.1641,0.1153846153846153,0.1278,8,c4,0.5016025641025641,0.006861769539885233,0.5042424242424243,0.019824760283389233,0.1474358974358974,0.02126041532279103
i8_c5.npy,0.1666666666666666,0.1641,0.1153846153846153,0.143,8,c5,0.4855769230769231,0.0024479571020063163,0.4488728470111449,0.0015978038691155702,0.1260683760683761,0.01682480314959789
i8_c6.npy,0.173076923076923,0.164,0.141025641025641,0.1336,8,c6,0.5069444444444444,0.00536852330188083,0.5212800765126346,0.013936814861478226,0.1581196581196581,0.0241745908097965
i8_c7.npy,0.1538461538461538,0.1641,0.1025641025641025,0.1195,8,c7,0.4893162393162393,0.003997497208091813,0.4563822751322751,0.01008099017923126,0.10897435897435896,0.011703473450965089
i8_c8.npy,0.1666666666666666,0.1643,0.1217948717948717,0.1532,8,c8,0.4829059829059829,0.004777923028845708,0.4468390804597701,0.016538598323593882,0.14743589743589744,0.018504816320180313
i8_c9.npy,0.2307692307692307,0.1644,0.1987179487179487,0.1911,8,c9,0.5101495726495726,0.004687480976171024,0.525110752710124,0.011168661951047631,0.21474358974358973,0.013723539079770438
i8_c10.npy,0.1346153846153846,0.1643,0.0769230769230769,0.1432,8,c10,0.4813034188034188,0.011764271124757072,0.41909665763324294,0.048697426690798955,0.10683760683760685,0.02834722043038803
i8_c11.npy,0.1217948717948717,0.1642,0.1282051282051282,0.1409,8,c11,0.49893162393162394,0.007994994416183657,0.49438661104638776,0.02215508185364298,0.14743589743589744,0.0293754852240759
i8_c12.npy,0.1346153846153846,0.1643,0.1602564102564102,0.1488,8,c12,0.4967948717948718,0.007166884543268531,0.4899270482603815,0.01806934510579965,0.1794871794871795,0.02126041532279103
i8_c13.npy,0.173076923076923,0.1642,0.1602564102564102,0.1454,8,c13,0.4914529914529915,0.004777923028845708,0.4774265552995392,0.011572953594827804,0.17841880341880345,0.009374961952342008
i8_c14.npy,0.1858974358974359,0.1642,0.1666666666666666,0.1535,8,c14,0.4861111111111111,0.006320598058867109,0.4634072927416581,0.016365027343605044,0.1794871794871795,0.018504816320180313
i8_c15.npy,0.1346153846153846,0.1641,0.1282051282051282,0.1527,8,c15,0.47863247863247865,0.00820635229473143,0.43849980864906235,0.02559328626439033,0.16025641025641027,0.028185696492036155
i8_c16.npy,0.1858974358974359,0.1639,0.2115384615384615,0.1669,8,c16,0.5069444444444444,0.0038889475904276137,0.5165923448532144,0.009406133152723319,0.2232905982905983,0.009374961952342008
i8_c17.npy,0.1217948717948717,0.1641,0.1602564102564102,0.1684,8,c17,0.5085470085470085,0.004777923028845729,0.5250404427415921,0.011945566378784347,0.17521367521367517,0.01417361021519402
i8_c18.npy,0.1538461538461538,0.1642,0.1474358974358974,0.1531,8,c18,0.4946581196581197,0.005753381204203521,0.4832451499118166,0.016684358115954263,0.155982905982906,0.012641196117734219
i8_c19.npy,0.1602564102564102,0.164,0.1153846153846153,0.1412,8,c19,0.47008547008547014,0.003997497208091803,0.4045937645228425,0.011934927418703984,0.12713675213675213,0.009374961952342014
i8_c20.npy,0.1987179487179487,0.1642,0.1474358974358974,0.1513,8,c20,0.5122863247863247,0.001194480757211422,0.543968253968254,0.0055100174468920154,0.1527777777777778,0.009374961952342008
i8_c21.npy,0.2115384615384615,0.1639,0.173076923076923,0.1571,8,c21,0.4780982905982906,0.003888947590427639,0.4471944649364004,0.007631486364453505,0.18482905982905984,0.01194480757211426
i8_c22.npy,0.141025641025641,0.1642,0.1794871794871795,0.1667,8,c22,0.5240384615384616,0.0024479571020063163,0.5704991087344028,0.005112426668929292,0.19444444444444445,0.01264119611773422
i8_c23.npy,0.1474358974358974,0.1643,0.141025641025641,0.1467,8,c23,0.49946581196581197,0.001194480757211422,0.49836601307189543,0.0036537058455878985,0.1452991452991453,0.007086805107597014
i8_c24.npy,0.1153846153846153,0.1642,0.1794871794871795,0.1982,8,c24,0.4877136752136752,0.001194480757211422,0.4704929732103645,0.003491075713426718,0.19658119658119658,0.007086805107597003
i8_c25.npy,0.173076923076923,0.1642,0.1089743589743589,0.1487,8,c25,0.4631410256410257,0.005151522842410768,0.3872635933806146,0.010513537432757923,0.12713675213675216,0.016722730600959967
i8_c26.npy,0.1794871794871795,0.1639,0.1666666666666666,0.1664,8,c26,0.5261752136752137,0.0028766906021017546,0.5879429212762545,0.0074109810799548445,0.17521367521367517,0.01417361021519402
i8_c27.npy,0.1858974358974359,0.1642,0.1794871794871795,0.1596,8,c27,0.4743589743589744,0.005851736725482544,0.4395377277730219,0.015428044045488717,0.18910256410256412,0.01644744051104771
i8_c28.npy,0.1538461538461538,0.1641,0.1474358974358974,0.1419,8,c28,0.5080128205128205,0.005151522842410749,0.5278962719897913,0.017100639905752828,0.15705128205128205,0.004895914204012645
i8_c29.npy,0.1794871794871795,0.1641,0.1346153846153846,0.1389,8,c29,0.4967948717948718,0.003700963264036066,0.4886611727143288,0.011468602233528583,0.14423076923076922,0.01644744051104771
i8_c30.npy,0.1794871794871795,0.164,0.141025641025641,0.1253,8,c30,0.5128205128205128,0.004532735776836879,0.5501461099287186,0.019739467950761706,0.14423076923076922,0.0048959142040126535
i8_c31.npy,0.1923076923076923,0.1642,0.1602564102564102,0.1298,8,c31,0.5090811965811965,0.0028766906021017546,0.528595096915641,0.009227321541608078,0.17200854700854704,0.016722730600959957
i8_c32.npy,0.2179487179487179,0.1646,0.1538461538461538,0.1643,8,c32,0.5133547008547008,0.00468748097617103,0.5452760307477288,0.017005709309578797,0.16452991452991453,0.0060436477024491154
i8_c33.npy,0.0961538461538461,0.1642,0.2307692307692307,0.161,8,c33,0.5336538461538461,0.008630071806305265,0.5792748817124321,0.02121998180628051,0.24786324786324787,0.007086805107597014
i8_c34.npy,0.1794871794871795,0.1643,0.1282051282051282,0.1517,8,c34,0.4871794871794872,0.004532735776836853,0.4565432098765432,0.01711558204999839,0.13888888888888887,0.015555790361710512
i8_c35.npy,0.2307692307692307,0.1641,0.141025641025641,0.1589,8,c35,0.4695512820512821,0.002447957102006316,0.41284067085953874,0.005771151872522337,0.14423076923076925,0.007166884543268561
i8_c36.npy,0.1474358974358974,0.1641,0.1153846153846153,0.1813,8,c36,0.48771367521367526,0.005972403786057128,0.4535356400075628,0.022859547346820573,0.12820512820512822,0.02340694690193017
i8_c37.npy,0.1923076923076923,0.1642,0.1666666666666666,0.1439,8,c37,0.5133547008547008,0.012607290300433715,0.5376086583329432,0.03226706123672878,0.19444444444444445,0.01911169211538281
i8_c38.npy,0.1474358974358974,0.164,0.1089743589743589,0.1404,8,c38,0.4780982905982906,0.00914382626529044,0.4293667670860653,0.022496159356284528,0.13141025641025642,0.014687742612037953
i8_c39.npy,0.1217948717948717,0.1641,0.1217948717948717,0.1195,8,c39,0.4983974358974359,0.0035834422716342863,0.4946808510638298,0.011893978603722283,0.13141025641025642,0.014687742612037953
i8_c40.npy,0.1666666666666666,0.1638,0.1282051282051282,0.1365,8,c40,0.5026709401709402,0.004687480976170989,0.5092637909114434,0.014122943694296014,0.15064102564102566,0.014687742612037952
i8_c41.npy,0.1794871794871795,0.1642,0.1282051282051282,0.1526,8,c41,0.4615384615384616,0.00716688454326855,0.3931247185880639,0.01842144421719222,0.1420940170940171,0.01672273060095997
i8_c42.npy,0.1346153846153846,0.1643,0.1346153846153846,0.1369,8,c42,0.4903846153846154,0.001850481632018041,0.4700828512599275,0.006320375669118497,0.15384615384615383,0.0195836568160506
i8_c43.npy,0.1474358974358974,0.1642,0.1217948717948717,0.1554,8,c43,0.4983974358974359,0.005151522842410769,0.49536279323513366,0.01561751795777373,0.13247863247863248,0.015109119256122815
i8_c44.npy,0.173076923076923,0.1642,0.1025641025641025,0.1377,8,c44,0.4775641025641026,0.008679528210081163,0.4286548347929422,0.021765037045296483,0.13247863247863248,0.007086805107597014
i8_c45.npy,0.1666666666666666,0.1642,0.1153846153846153,0.1537,8,c45,0.48985042735042733,0.001194480757211422,0.46160057642615787,0.0019600372251136434,0.1217948717948718,0.009791828408025295
i8_c46.npy,0.1923076923076923,0.164,0.1153846153846153,0.1389,8,c46,0.4930555555555556,0.009864415231100106,0.4778166278166278,0.02707725079410368,0.12927350427350426,0.010737046603761638
i8_c47.npy,0.1153846153846153,0.1646,0.0961538461538461,0.1389,8,c47,0.4893162393162393,0.002388961514422844,0.4534576534576535,0.009014548570177574,0.1047008547008547,0.014173610215194013
i8_c48.npy,0.1282051282051282,0.1643,0.1923076923076923,0.1502,8,c48,0.5224358974358975,0.00370096326403605,0.5633823860925729,0.009810840593044321,0.19978632478632477,0.011944807572114259
i8_c49.npy,0.1666666666666666,0.1641,0.173076923076923,0.1362,8,c49,0.5304487179487178,0.008630071806305302,0.5948885405781957,0.02749475637969128,0.19337606837606836,0.011944807572114259
i8_c50.npy,0.1602564102564102,0.1643,0.1602564102564102,0.1488,8,c50,0.5336538461538461,0.006861769539885194,0.6119003089933323,0.011296256761049036,0.18269230769230768,0.022739098989094837
i8_c51.npy,0.1794871794871795,0.1643,0.1538461538461538,0.1232,8,c51,0.5106837606837606,0.0023889615144228856,0.534155127772149,0.002525612661500927,0.1655982905982906,0.02352854224951414
i8_c52.npy,0.1987179487179487,0.1642,0.1538461538461538,0.1357,8,c52,0.5186965811965811,0.004687480976171024,0.5668287823743114,0.01813872382725368,0.16132478632478633,0.010737046603761631
i8_c53.npy,0.1474358974358974,0.1641,0.1666666666666666,0.1419,8,c53,0.5288461538461539,0.005551444896054075,0.5890022675736962,0.016530881821648656,0.19123931623931623,0.009374961952342008
i8_c54.npy,0.2243589743589743,0.1643,0.2179487179487179,0.153,8,c54,0.5395299145299145,0.0035434025537984916,0.6061781723072045,0.018954171361423685,0.2297008547008547,0.019021895101244496
i8_c55.npy,0.2051282051282051,0.1645,0.141025641025641,0.138,8,c55,0.4764957264957265,0.0023889615144228643,0.43571783407848974,0.0048197027504123914,0.15918803418803418,0.007777895180855248
i8_c56.npy,0.1858974358974359,0.1641,0.1538461538461538,0.1606,8,c56,0.5026709401709402,0.0028766906021017546,0.5081893868658575,0.007788205594677395,0.17521367521367517,0.012641196117734222
i8_c57.npy,0.173076923076923,0.1643,0.1217948717948717,0.1433,8,c57,0.44871794871794873,0.005851736725482544,0.36321105794790004,0.02131274607859933,0.1378205128205128,0.01644744051104771
i8_c58.npy,0.2564102564102564,0.1642,0.1987179487179487,0.1459,8,c58,0.4962606837606838,0.0028766906021017733,0.4910858063031976,0.006426058011212832,0.20512820512820515,0.009791828408025307
i8_c59.npy,0.1858974358974359,0.164,0.1217948717948717,0.174,8,c59,0.47702991452991456,0.003888947590427639,0.4257904725582071,0.018243673302570786,0.13568376068376067,0.0197288304622002
i8_c60.npy,0.141025641025641,0.1642,0.1602564102564102,0.1454,8,c60,0.5090811965811965,0.001194480757211422,0.527999256382715,0.004223570047776166,0.17200854700854698,0.009374961952342017
i8_c61.npy,0.1282051282051282,0.1642,0.141025641025641,0.1588,8,c61,0.4967948717948718,0.001850481632018025,0.4900342382000489,0.0050672187882106765,0.1591880341880342,0.016722730600959967
i8_c62.npy,0.1282051282051282,0.1642,0.1538461538461538,0.1429,8,c62,0.4983974358974359,0.0024479571020063163,0.49584983965289564,0.0062416537470536505,0.1688034188034188,0.012641196117734219
i8_c63.npy,0.1666666666666666,0.1642,0.1474358974358974,0.1455,8,c63,0.5069444444444444,0.001194480757211422,0.523676664341626,0.002590070513128896,0.1527777777777778,0.009374961952342008
i8_g.npy,0.1658,0.1618,,,8,g,0.5021916666666667,0.001115204266291832,0.5061711663291885,0.0029707356521859493,0.18286666666666665,0.014815494891797882
i9_c0.npy,0.1346153846153846,0.1618,0.1474358974358974,0.1663,9,c0,0.47329059829059833,0.0035434025537985107,0.4300321115288221,0.013040240074448275,0.16666666666666666,0.018504816320180306
i9_c1.npy,0.141025641025641,0.1619,0.1538461538461538,0.1462,9,c1,0.4791666666666667,0.0035834422716342655,0.44551790434991584,0.010658524906120587,0.17200854700854698,0.0190218951012445
i9_c2.npy,0.173076923076923,0.1618,0.1602564102564102,0.1525,9,c2,0.5021367521367521,0.004777923028845688,0.5049019607843137,0.010961117536763678,0.1794871794871795,0.023406946901930185
i9_c3.npy,0.2051282051282051,0.1618,0.173076923076923,0.1144,9,c3,0.5053418803418803,0.005753381204203509,0.5146804491272882,0.015013750661380693,0.1858974358974359,0.014333769086537114
i9_c4.npy,0.1602564102564102,0.1619,0.1794871794871795,0.165,9,c4,0.48504273504273504,0.0035434025537984916,0.4626499739175796,0.008170586206850919,0.18482905982905984,0.01194480757211426
i9_c5.npy,0.1538461538461538,0.1618,0.1025641025641025,0.1322,9,c5,0.4855769230769231,0.006861769539885213,0.4430501930501931,0.025507719402160345,0.11324786324786323,0.01510911925612281
i9_c6.npy,0.1602564102564102,0.1618,0.1794871794871795,0.1417,9,c6,0.5267094017094017,0.003997497208091803,0.5798920377867748,0.008281563565647488,0.19444444444444445,0.02388961514422852
i9_c7.npy,0.1538461538461538,0.1618,0.1858974358974359,0.1814,9,c7,0.5026709401709402,0.001194480757211422,0.5068934986086516,0.0031049295295133388,0.1987179487179487,0.009791828408025295
i9_c8.npy,0.173076923076923,0.1619,0.1282051282051282,0.1598,9,c8,0.5053418803418803,0.002388961514422844,0.519345238095238,0.008719442376610598,0.1452991452991453,0.007086805107597014
i9_c9.npy,0.1987179487179487,0.162,0.2756410256410256,0.1734,9,c9,0.548611111111111,0.0038889475904276645,0.6023709804197609,0.012363455017642638,0.2873931623931623,0.009374961952342017
i9_c10.npy,0.1217948717948717,0.1618,0.0897435897435897,0.1358,9,c10,0.48183760683760685,0.003997497208091803,0.4307197853993079,0.019681297373931952,0.11965811965811966,0.028347220430388034
i9_c11.npy,0.1282051282051282,0.1619,0.173076923076923,0.1284,9,c11,0.5411324786324786,0.0046874809761710285,0.633724462671831,0.009119012048925422,0.1955128205128205,0.022739098989094837
i9_c12.npy,0.141025641025641,0.1619,0.173076923076923,0.1439,9,c12,0.5352564102564102,0.0,0.6176516942474389,0.008119304568883387,0.1858974358974359,0.011703473450965085
i9_c13.npy,0.1858974358974359,0.1617,0.1987179487179487,0.1453,9,c13,0.5138888888888888,0.003997497208091842,0.5321322378716745,0.007477561164677325,0.22863247863247863,0.01682480314959789
i9_c14.npy,0.1987179487179487,0.1617,0.1666666666666666,0.1424,9,c14,0.5117521367521367,0.002388961514422844,0.5352873563218391,0.008318059724772703,0.18055555555555558,0.010737046603761636
i9_c15.npy,0.1153846153846153,0.1618,0.1538461538461538,0.1386,9,c15,0.4935897435897436,0.004895914204012657,0.48104239741591837,0.01403833804763346,0.17200854700854698,0.017522670370573416
i9_c16.npy,0.1794871794871795,0.1618,0.1538461538461538,0.1338,9,c16,0.5048076923076923,0.0035834422716342655,0.5157939897975541,0.011401193580901423,0.1623931623931624,0.014173610215194017
i9_c17.npy,0.1217948717948717,0.1617,0.141025641025641,0.1715,9,c17,0.46527777777777785,0.0028766906021017546,0.40404640633842664,0.007696088813245755,0.14636752136752137,0.007777895180855261
i9_c18.npy,0.1538461538461538,0.1617,0.1666666666666666,0.1785,9,c18,0.4893162393162393,0.002388961514422844,0.4707877809572725,0.006019948250174614,0.17200854700854698,0.009374961952342017
i9_c19.npy,0.1666666666666666,0.1616,0.1346153846153846,0.1723,9,c19,0.4615384615384616,0.00555144489605409,0.3937895741174429,0.014794197704181812,0.14316239316239313,0.012641196117734222
i9_c20.npy,0.173076923076923,0.1619,0.1474358974358974,0.148,9,c20,0.5085470085470085,0.0030218238512245512,0.5272767356100689,0.0064452331971544055,0.16132478632478633,0.019728830462200204
i9_c21.npy,0.1987179487179487,0.162,0.1538461538461538,0.1474,9,c21,0.48717948717948717,0.0,0.46418517145250554,0.0018439158979534176,0.16666666666666666,0.009791828408025295
i9_c22.npy,0.141025641025641,0.162,0.1794871794871795,0.1752,9,c22,0.4759615384615385,0.0024479571020063406,0.4446232403978883,0.007815306882607957,0.19444444444444442,0.012641196117734219
i9_c23.npy,0.1538461538461538,0.1618,0.1666666666666666,0.1519,9,c23,0.5251068376068375,0.007026146601477529,0.5882017852948086,0.028338372147932774,0.17200854700854698,0.007777895180855261
i9_c24.npy,0.1474358974358974,0.1618,0.1346153846153846,0.158,9,c24,0.4935897435897436,0.0,0.47878587461920796,0.002148413662397909,0.14636752136752135,0.016722730600959964
i9_c25.npy,0.1474358974358974,0.1618,0.1474358974358974,0.1489,9,c25,0.46901709401709407,0.002388961514422844,0.41914978483387827,0.008241293262603373,0.16132478632478633,0.010737046603761631
i9_c26.npy,0.173076923076923,0.1616,0.1538461538461538,0.1339,9,c26,0.5176282051282051,0.005151522842410766,0.5585842513259894,0.011260713609942685,0.16666666666666666,0.02126041532279102
i9_c27.npy,0.2243589743589743,0.1618,0.1602564102564102,0.1267,9,c27,0.500534188034188,0.005972403786057129,0.5029415285175652,0.015746983532153102,0.16773504273504272,0.010737046603761631
i9_c28.npy,0.1602564102564102,0.1618,0.1282051282051282,0.1352,9,c28,0.49038461538461536,0.00555144489605409,0.4663275193798449,0.018123328599096985,0.13354700854700854,0.009374961952342017
i9_c29.npy,0.1858974358974359,0.1618,0.1794871794871795,0.1573,9,c29,0.4962606837606838,0.011469503500846093,0.49149414219226445,0.026885792202349625,0.18482905982905984,0.009374961952342008
i9_c30.npy,0.1474358974358974,0.1619,0.1474358974358974,0.1565,9,c30,0.5080128205128205,0.0024479571020063163,0.5270605646630236,0.009591780362981812,0.1623931623931624,0.01641270458946283
i9_c31.npy,0.1987179487179487,0.1619,0.1153846153846153,0.1482,9,c31,0.46207264957264965,0.00914382626529044,0.3861501043248515,0.022121034420526185,0.12820512820512822,0.011703473450965092
i9_c32.npy,0.25,0.1618,0.1538461538461538,0.1455,9,c32,0.49893162393162394,0.003997497208091823,0.4970264644662504,0.01088797300676757,0.16346153846153846,0.014687742612037948
i9_c33.npy,0.1089743589743589,0.1617,0.0833333333333333,0.1404,9,c33,0.4711538461538462,0.003700963264036066,0.37874024255192723,0.01605407524632276,0.09081196581196581,0.010737046603761636
i9_c34.npy,0.173076923076923,0.1617,0.1666666666666666,0.1479,9,c34,0.5090811965811965,0.0046874809761710285,0.5259222769567596,0.011622486918378137,0.18055555555555555,0.019728830462200204
i9_c35.npy,0.2115384615384615,0.1617,0.173076923076923,0.1457,9,c35,0.5347222222222222,0.001194480757211422,0.6192335819804008,0.012314309374745112,0.18162393162393164,0.012641196117734224
i9_c36.npy,0.141025641025641,0.1618,0.2051282051282051,0.1934,9,c36,0.5229700854700855,0.001194480757211422,0.5609476199459221,0.0026658317643791177,0.21153846153846154,0.009065471553673694
i9_c37.npy,0.2179487179487179,0.1619,0.2115384615384615,0.1387,9,c37,0.5427350427350427,0.011205222736860589,0.6113769271664009,0.02651107069150056,0.235042735042735,0.018749923904684027
i9_c38.npy,0.141025641025641,0.1618,0.1474358974358974,0.1521,9,c38,0.4914529914529915,0.0030218238512245777,0.47419114516815664,0.0070749786725206555,0.15384615384615385,0.009791828408025297
i9_c39.npy,0.141025641025641,0.1619,0.1987179487179487,0.1501,9,c39,0.5427350427350427,0.0035434025537984916,0.6285029567382509,0.01631503218088479,0.21047008547008547,0.014995372700446796
i9_c40.npy,0.1666666666666666,0.1618,0.0961538461538461,0.109,9,c40,0.46527777777777785,0.00388894759042763,0.3793930905695611,0.0030804543057154263,0.10897435897435896,0.009065471553673687
i9_c41.npy,0.1923076923076923,0.1617,0.1153846153846153,0.1348,9,c41,0.5101495726495726,0.004687480976171024,0.5375857011783235,0.012306006502571427,0.14316239316239313,0.028104586405910056
i9_c42.npy,0.1666666666666666,0.1617,0.1025641025641025,0.1235,9,c42,0.483974358974359,0.00489591420401265,0.4377104377104377,0.010479713466320465,0.11004273504273504,0.010737046603761633
i9_c43.npy,0.1282051282051282,0.1618,0.0961538461538461,0.1247,9,c43,0.4823717948717949,0.005151522842410769,0.4340223268794698,0.013037090236928426,0.11431623931623931,0.00777789518085525
i9_c44.npy,0.141025641025641,0.1618,0.1666666666666666,0.1532,9,c44,0.49252136752136755,0.0035434025537985137,0.4800051599587203,0.009895995053669086,0.18696581196581197,0.019728830462200204
i9_c45.npy,0.1666666666666666,0.1621,0.1153846153846153,0.1462,9,c45,0.48824786324786323,0.004777923028845688,0.4568455860249174,0.014294196533447151,0.12286324786324787,0.011944807572114259
i9_c46.npy,0.1602564102564102,0.1616,0.141025641025641,0.1389,9,c46,0.49946581196581197,0.0038889475904276137,0.4972079772079772,0.012289741050295542,0.15705128205128208,0.026104255818099605
i9_c47.npy,0.1153846153846153,0.1619,0.1602564102564102,0.1626,9,c47,0.4967948717948718,0.001850481632018025,0.490775880244571,0.004727699978176502,0.1688034188034188,0.012641196117734219
i9_c48.npy,0.173076923076923,0.1617,0.1346153846153846,0.1345,9,c48,0.5074786324786325,0.007994994416183647,0.529265505736094,0.025576891957927703,0.14743589743589744,0.018504816320180313
i9_c49.npy,0.2051282051282051,0.1617,0.1602564102564102,0.1307,9,c49,0.5064102564102564,0.004532735776836827,0.5212765957446809,0.015044825131628666,0.16452991452991453,0.009555846057691407
i9_c50.npy,0.1217948717948717,0.162,0.141025641025641,0.1498,9,c50,0.5101495726495726,0.001194480757211422,0.5328713094433175,0.0016030742622302238,0.16452991452991453,0.01682480314959788
i9_c51.npy,0.1666666666666666,0.1617,0.141025641025641,0.1363,9,c51,0.48824786324786323,0.0035434025537984916,0.46508566389518774,0.007142771047413013,0.15384615384615385,0.009791828408025297
i9_c52.npy,0.2051282051282051,0.1617,0.2115384615384615,0.1754,9,c52,0.47382478632478636,0.009864415231100106,0.4470239077641289,0.01730546113449948,0.21901709401709402,0.014052293202955028
i9_c53.npy,0.1474358974358974,0.162,0.1794871794871795,0.1838,9,c53,0.48931623931623935,0.009555846057691417,0.4759411196911197,0.019463821093457366,0.20299145299145296,0.007086805107597014
i9_c54.npy,0.1858974358974359,0.1619,0.141025641025641,0.1286,9,c54,0.5213675213675213,0.0057533812042035466,0.580503487769646,0.023447882097262257,0.15811965811965814,0.01510911925612281
i9_c55.npy,0.1858974358974359,0.1618,0.1538461538461538,0.1333,9,c55,0.531517094017094,0.008361365300479952,0.6112114076399792,0.01586544091089498,0.17094017094017092,0.02445624603046922
i9_c56.npy,0.1923076923076923,0.1619,0.1153846153846153,0.1601,9,c56,0.4807692307692308,0.005851736725482544,0.43350098437307744,0.023711439142787196,0.13141025641025642,0.023333685542565763
i9_c57.npy,0.1794871794871795,0.162,0.1602564102564102,0.147,9,c57,0.4823717948717949,0.0024479571020063163,0.4526915113871636,0.008896570512008248,0.17094017094017092,0.016824803149597882
i9_c58.npy,0.25,0.1618,0.1666666666666666,0.1392,9,c58,0.5299145299145299,0.002388961514422844,0.601768921697683,0.006060899340933597,0.17735042735042736,0.015555790361710512
i9_c59.npy,0.1858974358974359,0.1619,0.141025641025641,0.143,9,c59,0.49786324786324787,0.0015109119256122756,0.4931972789115646,0.004810250212153391,0.1623931623931624,0.01264119611773422
i9_c60.npy,0.1474358974358974,0.1617,0.1282051282051282,0.1289,9,c60,0.5101495726495726,0.001194480757211422,0.5374097331240187,0.0030913995359266064,0.14636752136752135,0.016722730600959964
i9_c61.npy,0.141025641025641,0.1621,0.1794871794871795,0.1682,9,c61,0.5181623931623931,0.003997497208091842,0.5527938172459311,0.012685645975546427,0.1923076923076923,0.00906547155367368
i9_c62.npy,0.141025641025641,0.1618,0.2051282051282051,0.1398,9,c62,0.5576923076923076,0.00370096326403605,0.666243686868687,0.021926621135725653,0.23397435897435895,0.02273909898909483
i9_c63.npy,0.1858974358974359,0.1619,0.1538461538461538,0.1448,9,c63,0.5026709401709402,0.007026146601477509,0.5106315610523184,0.019729022531171515,0.16346153846153846,0.013723539079770433
i9_g.npy,0.1697,0.1639,,,9,g,0.5036166666666667,0.00011055415967850115,0.5099096274755895,0.0005706851608292074,0.18696666666666664,0.01565158848878357
